beta = 0.677463
kappa = 5.35789
omega = 0.215591
phiA = 0.36073
phiC = 0.179094
phiG = 0.227644