beta = 0.393859
kappa = 5.36378
omega = 0.215261
phiA = 0.358374
phiC = 0.177548
phiG = 0.225474