beta = 0.677653
kappa = 5.3582
omega = 0.215561
phiA = 0.360732
phiC = 0.179094
phiG = 0.227645