beta = 0.677452
kappa = 5.35787
omega = 0.215604
phiA = 0.36073
phiC = 0.179093
phiG = 0.227644