beta = 0.677506
kappa = 5.35791
omega = 0.215559
phiA = 0.36073
phiC = 0.179094
phiG = 0.227644