beta = 0.485856
kappa = 5.36494
omega = 0.215357
phiA = 0.359198
phiC = 0.178082
phiG = 0.226044