beta = 0.677425
kappa = 5.35783
omega = 0.215558
phiA = 0.360729
phiC = 0.179093
phiG = 0.227644