beta = 2.19202
kappa = 5.02965
omega = 0.58194
phiA = 0.405889
phiC = 0.178548
phiG = 0.216943