site,A,C,D,E,F,G,H,I,K,L,M,N,P,Q,R,S,T,V,W,Y
1.0,0.0402605,0.06226135,0.00682692,0.0208074,0.09806815,0.02064375,0.0307207,0.082332,0.0593417,0.0996374,0.04193135,0.0572195,0.02613495,0.0509119,0.02928435,0.04832295,0.123105,0.0460918,0.012624645,0.04347385
2.0,0.0796784,0.0314572,0.0408375,0.018727005,0.0642934,0.007973305,0.0193897,0.04093825,0.012741495,0.1719335,0.08039965,0.0784916,0.017699625,0.0324774,0.02471505,0.0504654,0.02832935,0.07250645,0.04731485,0.07963135
3.0,0.0972432,0.06713905,0.01056576,0.0292545,0.0397969,0.0333952,0.040828,0.04742425,0.0704679,0.0546969,0.0410802,0.03721005,0.05699405,0.0565144,0.07359895,0.0509782,0.06184945,0.05544205,0.0436547,0.03186625
4.0,0.136927,0.053635335,0.023586,0.02787115,0.174884,0.012673685,0.05385425,0.0778867,0.06582195,0.152282,0.02675345,0.01907335,0.0123622,0.01764845,0.011136045,0.01617695,0.016009165,0.0231353,0.0326718,0.0456112
5.0,0.0319757,0.0280313,0.013639555,0.008842565,0.123934,0.007902505,0.0863994,0.099258,0.0116682,0.1228945,0.0636064,0.00757198,0.013300565,0.08341645,0.0111011,0.05867265,0.01882045,0.029335525,0.145368,0.03426175
6.0,0.0345157,0.0786983,0.008090995,0.0271474,0.0788648,0.01184495,0.007674165,0.09307715,0.0476371,0.1335055,0.09604635,0.02669045,0.002683235,0.0208306,0.0747219,0.00829359,0.04080165,0.1030745,0.0659909,0.0398108
7.0,0.0424104,0.0338224,0.008144815,0.01040774,0.177277,0.02174375,0.015823,0.077241,0.0134441,0.252173,0.0427694,0.012490355,0.0161966,0.0353073,0.02611705,0.0637063,0.03582565,0.0424857,0.0462282,0.0263868
8.0,0.008556895,0.089033,0.009027575,0.00826427,0.066373,0.1318122,0.00797943,0.0555477,0.00995893,0.1468665,0.12701895,0.0244709,0.01739775,0.01451345,0.0225807,0.0131629,0.01215195,0.07166525,0.0811115,0.0825072
9.0,0.0698298,0.08293605,0.009287745,0.00576287,0.185984,0.010845965,0.0202652,0.08865225,0.1102892,0.04832985,0.04007765,0.0136393,0.007008345,0.01695845,0.0191018,0.10604745,0.03925095,0.0272814,0.01526525,0.08318665
10.0,0.08230055,0.05013135,0.0118082,0.01825026,0.113203,0.0185086,0.02794445,0.08010815,0.011614235,0.1150735,0.0336552,0.03532205,0.01910885,0.02541005,0.01482205,0.0699667,0.06327785,0.1183515,0.05987605,0.03126715
11.0,0.04456345,0.1138415,0.0153098,0.006934425,0.0863898,0.12899265,0.01532785,0.057327,0.010063155,0.08881185,0.0406669,0.00964018,0.01247505,0.01581345,0.03343065,0.133018,0.01475943,0.1053888,0.05369085,0.01355515
12.0,0.07942005,0.0313821,0.0199519,0.13263205,0.03497795,0.02830005,0.03875765,0.07457865,0.01728405,0.01555395,0.0271078,0.0189624,0.01693345,0.0538441,0.0413531,0.111076,0.02832115,0.18527,0.01900885,0.02528395
13.0,0.1680245,0.0699278,0.019645005,0.08222665,0.04535295,0.0240503,0.0374437,0.02213445,0.0273675,0.0712028,0.0465185,0.07774875,0.02328915,0.08890155,0.0237866,0.0462181,0.0332351,0.0236042,0.0359684,0.0333535
14.0,0.0495422,0.0992549,0.01867215,0.0252991,0.00954146,0.01567765,0.01147868,0.198904,0.016615515,0.00627995,0.0828596,0.01664395,0.08381265,0.00855482,0.0071476,0.04980395,0.1593915,0.09712925,0.0281298,0.0152613
15.0,0.1033778,0.02409645,0.155625,0.053948,0.0124425,0.018515945,0.066782,0.0211438,0.10410125,0.0379033,0.09890385,0.016771835,0.004153495,0.0243922,0.06563285,0.0488946,0.0287024,0.04262495,0.03911645,0.03287155
16.0,0.3914515,0.0255731,0.0599792,0.0230821,0.0182648,0.08020205,0.0394187,0.03558935,0.03438025,0.01213805,0.0321581,0.03102255,0.0138666,0.03090085,0.010739505,0.0614684,0.01737345,0.03225805,0.0385747,0.01155864
17.0,0.0302857,0.01734215,0.3794275,0.05543525,0.011131965,0.11940215,0.0171751,0.00982705,0.0293682,0.007062895,0.02453505,0.05007795,0.0145198,0.02383315,0.03232165,0.010166045,0.015533725,0.05994185,0.0292413,0.0633719
18.0,0.003064261,0.00381069,0.008629835,0.0409218,0.012100155,0.00394063,0.04252745,0.0573934,0.06545945,0.171998,0.0330406,0.0733967,0.00211872,0.163162,0.0639679,0.0744516,0.07329815,0.0560465,0.00692669,0.04374575
19.0,0.01264805,0.00862809,0.0313942,0.0314981,0.0147115,0.00978096,0.009509205,0.3638305,0.168273,0.0769986,0.0540277,0.0231423,0.01579526,0.04972875,0.009775025,0.02277655,0.019167505,0.04395155,0.0102945,0.0240692
20.0,0.01426865,0.4466975,0.1643645,0.008838695,0.02262615,0.00678011,0.01145993,0.007292805,0.03505955,0.0229206,0.02453175,0.01419745,0.02700975,0.0173985,0.0164246,0.0214095,0.0119575,0.03807455,0.0734998,0.01518777
21.0,0.02582975,0.0168329,0.08744915,0.01537,0.0149312,0.00659688,0.0216916,0.3515495,0.02350825,0.11122825,0.02071995,0.0364166,0.004496105,0.01167718,0.00948174,0.01684075,0.02038365,0.1021449,0.013509205,0.0893417
22.0,0.020813,0.0241914,0.02386775,0.01561335,0.00994477,0.4588955,0.01864005,0.011199355,0.013527025,0.01544625,0.0180433,0.01631045,0.04058435,0.0145107,0.0180286,0.210184,0.007587575,0.0238562,0.02296175,0.01579475
23.0,0.0122664,0.03245425,0.0137683,0.02236895,0.08588135,0.003184105,0.0221715,0.0263484,0.0331833,0.01016463,0.044479,0.00825286,0.00406042,0.0740597,0.009371235,0.01857753,0.1282495,0.05490585,0.0619746,0.334278
24.0,0.0819072,0.02111545,0.010175025,0.008350945,0.006651405,0.01175345,0.2333195,0.05223505,0.08954245,0.135583,0.03699305,0.015134115,0.011436515,0.0627707,0.007153785,0.03691975,0.06042785,0.06147555,0.01235085,0.04470465
25.0,0.2937245,0.08073365,0.005714465,0.01585316,0.01051536,0.008878175,0.009340615,0.010408345,0.008696935,0.00623012,0.0210795,0.063104,0.00728667,0.01737305,0.005011225,0.07149495,0.02260915,0.1644495,0.012651225,0.164845
26.0,0.03569665,0.01227425,0.03021505,0.011012975,0.06656075,0.0173592,0.0360566,0.03626125,0.05480245,0.01055568,0.01453792,0.505702,0.0088819,0.011788905,0.05270695,0.03272885,0.0189784,0.006070985,0.0198686,0.01794025
27.0,0.1640075,0.009598295,0.09486735,0.0181808,0.0162153,0.0216342,0.01015469,0.008070615,0.0263222,0.011195745,0.01689635,0.4401765,0.007238075,0.01485265,0.007701655,0.02237435,0.01437745,0.01056923,0.06843515,0.01713275
28.0,0.107122,0.0469333,0.005507555,0.0664195,0.011140495,0.02941715,0.0339125,0.00948024,0.04537765,0.0080318,0.016456735,0.0596707,0.00817302,0.0269875,0.011066515,0.357077,0.10136615,0.02085795,0.01914892,0.01585365
29.0,0.010224475,0.00824935,0.010868975,0.02246815,0.0113764,0.01745515,0.06278265,0.0147202,0.017738,0.00969945,0.0280078,0.129752,0.0306908,0.01658455,0.009892245,0.06348475,0.3510545,0.00642628,0.1706235,0.00790076
30.0,0.0238362,0.0115,0.3122385,0.07695135,0.01768055,0.0182302,0.0593164,0.0155345,0.037266,0.009405915,0.010459555,0.03308375,0.00602613,0.140965,0.0083518,0.00612562,0.08584055,0.07446805,0.0234703,0.02924975
31.0,0.0269304,0.0216212,0.00818432,0.226094,0.007953125,0.0270983,0.01780025,0.01884972,0.0158976,0.06981715,0.04422475,0.0243634,0.01485645,0.02275685,0.0589674,0.0480571,0.288254,0.0326929,0.01794635,0.00763477
32.0,0.0209644,0.0194823,0.11394455,0.01216918,0.016083505,0.01741925,0.00874707,0.1249975,0.07732265,0.09758715,0.016875,0.007254535,0.004549575,0.0187458,0.0112011,0.03619305,0.00844891,0.365758,0.009550765,0.01270665
33.0,0.01329734,0.011786765,0.4550835,0.056422,0.037281,0.04234035,0.0183406,0.01270025,0.01105646,0.01849565,0.0384237,0.05638255,0.03800745,0.0154571,0.01883635,0.010489275,0.029842,0.0461587,0.022487,0.0471118
34.0,0.02515595,0.013366245,0.0147398,0.01374885,0.01783265,0.01330135,0.0260599,0.02576785,0.02761595,0.0130583,0.02645225,0.0407463,0.010791835,0.0386113,0.01247173,0.1179303,0.5155805,0.0139583,0.012190365,0.02061995
35.0,0.039208,0.0480258,0.00756368,0.010850065,0.04774075,0.01766445,0.00789572,0.3137505,0.02198845,0.04677,0.1679955,0.01494235,0.03373125,0.0267956,0.01265115,0.0162017,0.08601315,0.019852295,0.0141693,0.0461897
36.0,0.0232451,0.05482465,0.07945655,0.0183372,0.0354118,0.00691369,0.00471362,0.02858785,0.012028945,0.08782255,0.01615135,0.0135518,0.01030596,0.0431427,0.1027211,0.2302895,0.1764305,0.0045866,0.01680965,0.03466825
37.0,0.09786215,0.00940145,0.0331187,0.364352,0.015051215,0.0308148,0.031206,0.01977855,0.0205174,0.00573621,0.014734225,0.04500765,0.00496099,0.09144125,0.04603995,0.06576795,0.01838715,0.0173743,0.0518033,0.0166444
38.0,0.02108265,0.02583415,0.012309735,0.0320181,0.011019185,0.09537845,0.0310865,0.01027788,0.275833,0.0101274,0.0370673,0.03018395,0.0174918,0.01248885,0.2719455,0.009359905,0.0495905,0.011505485,0.01721415,0.01818525
39.0,0.03401105,0.0179708,0.02966145,0.04877,0.014517205,0.05062065,0.0306535,0.01139591,0.0877817,0.009100155,0.0275946,0.416471,0.01776255,0.030819,0.0430478,0.0521154,0.01532883,0.02077745,0.0207863,0.02081525
40.0,0.02488405,0.04490945,0.0163449,0.02660745,0.02139075,0.0267207,0.0197714,0.133583,0.02164335,0.02751995,0.04466945,0.05158575,0.009964395,0.0435257,0.011379845,0.007672765,0.0234392,0.3782935,0.0497295,0.01636455
41.0,0.09945135,0.130472,0.02223685,0.014220903,0.07855775,0.0387366,0.02198255,0.0284091,0.06697965,0.010398995,0.0212884,0.010172175,0.1331525,0.01912145,0.0540826,0.0125855135,0.0383502,0.1339745,0.0416316,0.02419555
42.0,0.07857395,0.03676135,0.0338652,0.0429674,0.02556425,0.0280645,0.07728115,0.07939075,0.0433905,0.006037581,0.05473985,0.04421885,0.0285921,0.0389405,0.01760615,0.0207244,0.02739965,0.238186,0.03888195,0.03881375
43.0,0.0217119,0.01075457,0.0479443,0.022696,0.0472262,0.0144513,0.01999165,0.02101002,0.0545108,0.0326656,0.02493115,0.03257545,0.0036123715,0.0212408,0.0137023,0.02441265,0.4803825,0.05339225,0.03096305,0.0218252
44.0,0.0613489,0.0156223,0.04614675,0.02542865,0.0835144,0.02306095,0.3306795,0.00826306,0.008375215,0.02367145,0.06535315,0.0280895,0.010184225,0.05332695,0.01235119,0.134347,0.00925618,0.00710526,0.0269504,0.026925
45.0,0.0388,0.02182725,0.0207624,0.0147561,0.0649589,0.011080775,0.0806359,0.01926475,0.03871455,0.0595796,0.0232743,0.0413901,0.01727215,0.01905745,0.00948919,0.333664,0.02548275,0.0160798,0.128545,0.015365185
46.0,0.0223015,0.0163326,0.01002316,0.0144564,0.0990349,0.0168158,0.0205142,0.0990207,0.06770785,0.05678275,0.05048685,0.00699987,0.005005555,0.05935995,0.0356839,0.01018237,0.03417915,0.221349,0.02183675,0.1319265
47.0,0.00583471,0.011200745,0.0645521,0.07322445,0.0238537,0.009753145,0.009296985,0.00924712,0.0360755,0.008692265,0.02357035,0.3731105,0.03383955,0.0208297,0.02517465,0.09711155,0.10135435,0.0135554,0.04400605,0.0157172
48.0,0.00752409,0.0280261,0.01576575,0.02912865,0.05724405,0.01011964,0.0214292,0.06129995,0.01489625,0.5106265,0.0224233,0.0141028,0.05017265,0.04234465,0.019034,0.01633015,0.01621455,0.01580185,0.02154625,0.0259699
49.0,0.0269937,0.02447825,0.11169225,0.0136509,0.02126455,0.0196607,0.0135162,0.015251005,0.02235895,0.5161745,0.025371,0.008464095,0.02302515,0.0206682,0.0113455,0.0357344,0.00949295,0.0343826,0.02213815,0.0243368
50.0,0.1785565,0.0495071,0.04955665,0.1784405,0.03428525,0.010856335,0.0130428,0.0442201,0.018440835,0.04242,0.009374355,0.00745423,0.002253175,0.0236606,0.0177957,0.00940483,0.0630599,0.206437,0.010605205,0.030629
51.0,0.106518,0.0139478,0.181048,0.04431045,0.00754248,0.05319675,0.0595539,0.0216697,0.02849745,0.03451665,0.02867575,0.0866471,0.007305205,0.011262385,0.01162961,0.0977549,0.0959605,0.05413215,0.02103255,0.0347993
52.0,0.10256475,0.00553519,0.01212894,0.1705225,0.049804,0.08149205,0.06083545,0.01702421,0.04809995,0.03663395,0.04318505,0.0440454,0.001587265,0.0716967,0.04227645,0.0709679,0.04208375,0.05859915,0.0180159,0.0229013
53.0,0.05582805,0.01503025,0.0148002,0.0157782,0.00743369,0.0121084,0.291191,0.0334904,0.01832265,0.006215935,0.05866375,0.01416873,0.04715245,0.04720795,0.04257995,0.03399185,0.139045,0.02306505,0.01715665,0.10676965
54.0,0.009512065,0.01150218,0.04295415,0.02678775,0.157283,0.0272606,0.0170595,0.0198825,0.04424615,0.008123155,0.02992015,0.359875,0.009633535,0.03246165,0.01074325,0.0887686,0.0608891,0.01429405,0.0191789,0.009624775
55.0,0.03375095,0.01219569,0.0369662,0.0511822,0.02519545,0.293024,0.046592,0.07413835,0.01808305,0.00487581,0.177081,0.0335202,0.008819645,0.0256682,0.03488795,0.0381612,0.0346171,0.0125277,0.02065465,0.018058185
56.0,0.10362525,0.01699265,0.0141503,0.004878535,0.2105235,0.0246878,0.05271375,0.00812869,0.1644625,0.0418855,0.0595032,0.0247739,0.005903465,0.0508151,0.07096765,0.004801845,0.00727135,0.0549219,0.05199335,0.02699945
57.0,0.008673915,0.0252596,0.00958302,0.0359706,0.02885495,0.009290155,0.0256551,0.0875586,0.0194792,0.4376905,0.03818415,0.0411451,0.02821115,0.0255775,0.03836775,0.01677235,0.01342795,0.015549485,0.05355845,0.0411906
58.0,0.0121567,0.4612005,0.0198972,0.04610955,0.02460225,0.02139505,0.01271435,0.0285226,0.0119953,0.0193596,0.04758625,0.0299375,0.00924423,0.1010847,0.01131761,0.01151443,0.010126465,0.022995,0.0278946,0.0703463
59.0,0.0503279,0.00824507,0.02431815,0.01948385,0.0544053,0.00613135,0.0839214,0.005699525,0.1202115,0.0498912,0.02760615,0.111003,0.00192299,0.03517905,0.151907,0.082276,0.04284665,0.00303221,0.0197167,0.10187505
60.0,0.00641498,0.00973184,0.00931147,0.02630425,0.0192818,0.0117951,0.006413055,0.247453,0.0108957,0.317422,0.0520713,0.0196494,0.01329675,0.007184815,0.00854223,0.009280615,0.0098405,0.148289,0.010138955,0.0566832
61.0,0.03921565,0.003924875,0.06950555,0.0596212,0.0298809,0.0492136,0.2141805,0.003234365,0.1141805,0.010401545,0.0181212,0.1463705,0.002485255,0.06767855,0.0481054,0.01699385,0.00549199,0.0031988,0.0280622,0.07013345
62.0,0.0114418,0.015549,0.0556301,0.02883375,0.0205424,0.352446,0.1624195,0.00960422,0.0317507,0.007486645,0.022174,0.07657435,0.00822743,0.03185025,0.02883605,0.06363155,0.02190965,0.01648569,0.0190675,0.0155402
63.0,0.02353045,0.0181668,0.02444785,0.0332874,0.0220747,0.0230003,0.05943295,0.1488,0.08188735,0.0403146,0.04759885,0.07434125,0.002814525,0.07940565,0.135056,0.015139,0.03380945,0.1181245,0.01041462,0.00835329
64.0,0.09969225,0.0060586,0.03236005,0.15423,0.02488565,0.04815365,0.0701762,0.00991406,0.0917907,0.03654395,0.0740035,0.06968305,0.047206,0.05757805,0.0466657,0.032262,0.03794145,0.01455445,0.012593225,0.0337073
65.0,0.1370785,0.02383355,0.02168905,0.01731395,0.0176906,0.0388878,0.03551875,0.01980405,0.020623,0.012008345,0.0371009,0.0156173,0.4923705,0.01010557,0.010127295,0.0157567,0.011556525,0.0140059,0.0277396,0.0211727
66.0,0.00761928,0.02316915,0.0129765,0.0140795,0.03294835,0.006599805,0.04614275,0.07380035,0.0213066,0.430802,0.0429029,0.0284038,0.02066275,0.0192838,0.0214266,0.01778115,0.03268025,0.07162795,0.04309545,0.03269115
67.0,0.03949205,0.00788898,0.108491,0.07524345,0.03729915,0.023644,0.016540495,0.07698085,0.018852,0.0707388,0.12644715,0.01336665,0.0259456,0.07182645,0.06465565,0.03451485,0.04418435,0.0679919,0.03364015,0.0422564
68.0,0.00757218,0.010696085,0.03140985,0.02714145,0.02846515,0.05177085,0.0131282,0.06252245,0.009353775,0.508784,0.03293765,0.02083345,0.00853207,0.008785245,0.06821055,0.03811035,0.01190121,0.02097155,0.02737345,0.011500955
69.0,0.02644915,0.01066522,0.06205505,0.06206705,0.0431786,0.1692175,0.08779495,0.006090535,0.06330705,0.06410645,0.04456105,0.04577095,0.02029885,0.09776465,0.10280955,0.0344794,0.0245942,0.008696315,0.006514835,0.01957855
70.0,0.04403175,0.009802525,0.00954394,0.0294373,0.01286327,0.10694895,0.011363225,0.0498573,0.0697648,0.0283322,0.035989,0.03104095,0.1349995,0.04683385,0.0384703,0.0439029,0.234326,0.01181683,0.02743305,0.023242385
71.0,0.02056435,0.529391,0.011342855,0.01409575,0.0325077,0.010571715,0.01353195,0.0204104,0.0236962,0.01356265,0.1403585,0.012678715,0.00939423,0.02080635,0.02270935,0.010989645,0.01003857,0.0373599,0.0197361,0.02625385
72.0,0.0382411,0.03090325,0.0817305,0.04674375,0.006251115,0.07130895,0.0315634,0.00452147,0.02921585,0.00478486,0.05139215,0.196085,0.006342925,0.05243595,0.02144925,0.18317,0.120726,0.0053364,0.009466365,0.008332035
73.0,0.00650335,0.0186607,0.00387749,0.004638575,0.0983926,0.00709661,0.01025338,0.258936,0.00542983,0.17781,0.07320045,0.00728074,0.07632565,0.0143537,0.005554515,0.002931475,0.01756665,0.1934715,0.0124482,0.00526882
74.0,0.03355005,0.0581109,0.003205585,0.01324445,0.01335935,0.0244675,0.0233631,0.163082,0.02894515,0.094437,0.0393285,0.0337835,0.0487759,0.02189275,0.022565,0.0352628,0.1610485,0.154278,0.007302245,0.0199985
75.0,0.1074725,0.0173434,0.0205405,0.0349962,0.011997225,0.5546515,0.011088955,0.008356925,0.03108295,0.01667765,0.03395055,0.0155188,0.0081855,0.0146738,0.014370755,0.0193787,0.009509375,0.03276815,0.02541745,0.01201965
76.0,0.00973991,0.037682,0.0160765,0.02057335,0.01870345,0.02869055,0.02009135,0.0300079,0.0189458,0.02938905,0.02120575,0.02149405,0.00657128,0.017189825,0.012341685,0.0151045,0.01364815,0.03657125,0.599717,0.02625665
77.0,0.01764145,0.00841793,0.01759232,0.01415485,0.0297381,0.0164476,0.01629345,0.016968705,0.01089693,0.429433,0.0802376,0.0145673,0.02904885,0.0094946,0.01144785,0.1568525,0.00910716,0.08818215,0.01442415,0.009052895
78.0,0.0293376,0.012126,0.0104269,0.01323505,0.0160389,0.00545988,0.00789224,0.1181075,0.007366305,0.428689,0.03446395,0.0368822,0.0905608,0.010638395,0.04212975,0.010891215,0.03384585,0.0337786,0.0283707,0.02975955
79.0,0.0578356,0.01281395,0.00771623,0.0190506,0.0114244,0.661914,0.01045518,0.00737862,0.01628045,0.007144855,0.0208622,0.0160774,0.0153759,0.0252064,0.014961745,0.0120988,0.0113649,0.03338395,0.0240973,0.0145573
80.0,0.033495,0.0139183,0.02786815,0.0152603,0.006431715,0.01111535,0.1768315,0.0249612,0.0340145,0.01556055,0.01034407,0.440708,0.002153965,0.01789795,0.012827095,0.08313375,0.035128,0.01528085,0.0141884,0.00888178
81.0,0.0156408,0.01591936,0.02692465,0.0347877,0.01076853,0.01277165,0.172382,0.01116265,0.01889595,0.023918,0.0216983,0.0133758,0.514402,0.011103755,0.01624635,0.01793565,0.02427885,0.013756695,0.01185596,0.0121756
82.0,0.127439,0.01993645,0.0520754,0.175274,0.02798045,0.07709955,0.0174936,0.0211632,0.01778045,0.05006275,0.05804675,0.0923223,0.001689545,0.0384464,0.007530875,0.04004885,0.0348782,0.0270866,0.02326415,0.0903815
83.0,0.01083878,0.6075595,0.01722485,0.0155904,0.0303653,0.01736659,0.009414965,0.01077757,0.01684435,0.00401196,0.0241624,0.02765965,0.0141372,0.01652455,0.0427507,0.019404,0.012482135,0.03309975,0.0516861,0.018099055
84.0,0.0237079,0.0240892,0.406723,0.2049915,0.01307975,0.02367035,0.0199275,0.008638665,0.00639872,0.02783295,0.0191059,0.02253815,0.0117476,0.049385,0.00630769,0.0163894,0.05985265,0.012520645,0.011199505,0.0318937
85.0,0.05925885,0.0157156,0.12760455,0.07781445,0.03899245,0.03021805,0.0696812,0.0741998,0.0166764,0.07055895,0.0298017,0.0336565,0.03237995,0.05566545,0.0297282,0.06019415,0.0295622,0.05016345,0.01736154,0.0807661
86.0,0.02873865,0.02197055,0.04566825,0.01160611,0.0094324,0.010331665,0.0268942,0.139029,0.00962851,0.4459325,0.04955115,0.009156215,0.02161615,0.0292826,0.02563865,0.0168762,0.0348887,0.03031865,0.01697015,0.0164693
87.0,0.03438775,0.005777545,0.012901665,0.09039295,0.0273433,0.02361395,0.0247802,0.11579955,0.049782,0.1480835,0.1467465,0.01330467,0.00742256,0.05244065,0.004879785,0.0300883,0.0254767,0.03148165,0.1369055,0.01839115
88.0,0.0415734,0.001228457,0.0662721,0.05117325,0.11377035,0.06485005,0.04265505,0.08291,0.03281945,0.12229125,0.03781015,0.0495454,0.0620781,0.012981905,0.0239858,0.0389015,0.03902465,0.0318264,0.009972653,0.0743302
89.0,0.0713132,0.01441245,0.04957995,0.05769815,0.0772776,0.0336739,0.05022195,0.10060655,0.0625775,0.05855825,0.0663919,0.03030595,0.02556635,0.03482405,0.0170221,0.05000955,0.11504025,0.03438305,0.01405125,0.03648605
90.0,0.03094105,0.01103595,0.01979065,0.09042095,0.03504185,0.02978795,0.0993082,0.0534418,0.0317959,0.05387095,0.050156,0.1093049,0.00826053,0.04894115,0.10477225,0.03399115,0.03804795,0.07631375,0.014398125,0.0603791
91.0,0.0181665,0.005877125,0.0538099,0.051487,0.0524913,0.046265,0.0693877,0.06077345,0.03659455,0.0340613,0.1410645,0.03082255,0.04362285,0.0820084,0.02145385,0.07691615,0.0591173,0.029337,0.01861135,0.06813225
92.0,0.00733218,0.12183595,0.08243305,0.016418035,0.19339,0.01700195,0.01330625,0.01269011,0.0320797,0.04490245,0.0185912,0.0193864,0.0118596,0.01413215,0.012107745,0.01020573,0.008507105,0.01039106,0.3394425,0.013986735
93.0,0.0737999,0.0269255,0.02736155,0.02107075,0.0245018,0.1458345,0.01400805,0.009690155,0.00757079,0.00579538,0.0151864,0.00893139,0.01865195,0.0288133,0.00696791,0.4737305,0.011024365,0.009383645,0.0491621,0.0215902
94.0,0.010178275,0.02259486,0.0229333,0.00832932,0.0298564,0.01831915,0.02616105,0.005997375,0.0221568,0.01396775,0.0153011,0.015266765,0.01283575,0.0288811,0.02031335,0.0247891,0.02062535,0.010268955,0.0167189,0.6545055
95.0,0.006812165,0.0358936,0.008984705,0.01072619,0.0280695,0.008569375,0.01536855,0.449427,0.00900371,0.08270115,0.0233191,0.01774491,0.008260655,0.01726535,0.009248185,0.02612475,0.02178325,0.181766,0.0295145,0.00941765
96.0,0.05304005,0.0221477,0.0203512,0.0203853,0.00952795,0.0108298,0.02850465,0.2578405,0.01060699,0.02641515,0.0216042,0.0138702,0.00861459,0.0176306,0.00423985,0.0075816,0.01907645,0.4154085,0.01968215,0.0126439
97.0,0.01054122,0.01257949,0.0324679,0.4267645,0.04404295,0.0308602,0.010811625,0.10889725,0.01626583,0.02594495,0.0234958,0.01070087,0.008709245,0.09159155,0.008512035,0.0209544,0.0233601,0.0632715,0.0154394,0.01478915
98.0,0.1085375,0.00775999,0.08755405,0.0960571,0.00965104,0.02889485,0.0435594,0.012602475,0.0223989,0.0485123,0.00738444,0.01622897,0.02580425,0.2090425,0.0607756,0.0655722,0.0765043,0.03601795,0.02072413,0.01641821
99.0,0.09803715,0.003198345,0.0349783,0.06127385,0.0387672,0.0838888,0.08083335,0.0611963,0.03210395,0.04672915,0.03168845,0.03227105,0.10333845,0.0522961,0.04196555,0.0225135,0.0249835,0.0555465,0.04882845,0.04556235
100.0,0.0367342,0.0224222,0.2111135,0.026327015,0.12645195,0.109255,0.01881245,0.022266365,0.02482495,0.06661995,0.0234014,0.108601,0.00820679,0.024635,0.05214365,0.04373385,0.02290055,0.01513027,0.0160207,0.0203992
101.0,0.0672183,0.0323176,0.007221965,0.01613165,0.015349145,0.1298732,0.00788513,0.00847124,0.00371251,0.00301831,0.0150671,0.0573269,0.09020565,0.192471,0.0092746,0.134499,0.0937465,0.083729,0.01809,0.014391325
102.0,0.03651035,0.01595693,0.034356475,0.1443205,0.02070925,0.0384873,0.0570322,0.1228282,0.02468145,0.0457942,0.0481114,0.0712078,0.0743775,0.05330885,0.02232955,0.0387452,0.0376804,0.0691328,0.017277545,0.0271525
103.0,0.0359377,0.03167845,0.01016607,0.1576645,0.1070325,0.01095375,0.1609685,0.030650395,0.0318882,0.04265835,0.02022895,0.0718628,0.002268605,0.06172345,0.0142275,0.03467715,0.01916335,0.04111915,0.0587462,0.0563854
104.0,0.06650545,0.02138275,0.0326613,0.03161585,0.013925195,0.460036,0.02673335,0.00658376,0.0650129,0.006652485,0.0266295,0.02264825,0.0194313,0.0106933,0.0236016,0.0662872,0.01137895,0.018887,0.03654175,0.03279205
105.0,0.1597225,0.0396888,0.01031064,0.09007895,0.0327817,0.0120927,0.0128363,0.0150717,0.006040555,0.11382495,0.01615811,0.02641325,0.192112,0.02693155,0.002919555,0.0626113,0.0189173,0.1370495,0.00995575,0.01448255
106.0,0.0205159,0.620486,0.01103441,0.010330695,0.0176402,0.008349815,0.0146104,0.01645815,0.0223157,0.007518455,0.07328205,0.012260505,0.0086696,0.01067444,0.0141976,0.021334,0.01441545,0.00736531,0.04863525,0.039906
107.0,0.0252774,0.015944575,0.01298604,0.01338605,0.06267505,0.01721315,0.02177375,0.0313054,0.01258255,0.01827045,0.0344295,0.0293122,0.01092184,0.01370932,0.01235985,0.01502465,0.0228592,0.0283306,0.0339055,0.567733
108.0,0.0196617,0.012420485,0.011272025,0.01922385,0.009540805,0.008105755,0.02134475,0.008227505,0.0139103,0.0454316,0.01594755,0.011295695,0.58701,0.014867795,0.01509355,0.01667685,0.01739905,0.081504,0.05426855,0.016798095
109.0,0.01521305,0.03595865,0.01508605,0.0548887,0.0269281,0.5693395,0.009307565,0.011096045,0.01714395,0.004589155,0.0505642,0.012948,0.0160414,0.01434415,0.02156225,0.01667385,0.0149537,0.0308735,0.0368587,0.02562965
110.0,0.10878315,0.015402585,0.1417075,0.1021561,0.016875125,0.06495415,0.02184955,0.04661725,0.03152815,0.05656855,0.0375591,0.03622315,0.0862305,0.021690455,0.025083,0.0390026,0.05827045,0.03434895,0.012893595,0.0422561
111.0,0.00404881,0.01126203,0.009696945,0.006910365,0.0727329,0.00412656,0.02657735,0.160716,0.00651559,0.320315,0.09488275,0.01085734,0.005927435,0.008718985,0.00519212,0.009225255,0.05664805,0.07440515,0.1053195,0.00592115
112.0,0.1352545,0.02720185,0.03941895,0.01788925,0.06254995,0.0295517,0.08736035,0.0646968,0.04288045,0.04734615,0.0511549,0.0407848,0.00168439,0.07411335,0.0233541,0.10585665,0.08508565,0.014907755,0.01529274,0.03361565
113.0,0.136505,0.01209495,0.230592,0.08036385,0.0271532,0.020601,0.0808337,0.003275235,0.00800651,0.06121235,0.04231815,0.07802445,0.008577545,0.0645857,0.006380705,0.07483855,0.0076978,0.003893305,0.02701275,0.02603305
114.0,0.0525946,0.013403225,0.011558845,0.0108605,0.0352199,0.0317117,0.01974555,0.1491675,0.008856,0.0867285,0.04154385,0.02761755,0.0336389,0.05564305,0.0129392,0.125116,0.0551506,0.02290225,0.01345227,0.19215
115.0,0.094953,0.01822695,0.014756355,0.3365915,0.0312758,0.05272755,0.0294333,0.00580284,0.0162138,0.009591015,0.02599785,0.006764085,0.1052292,0.1434,0.00589491,0.0261884,0.00710245,0.0175605,0.0209755,0.03131585
116.0,0.0206532,0.010334635,0.0343148,0.5337635,0.01812315,0.02478895,0.015155365,0.02808725,0.05355925,0.00615799,0.03918975,0.0233356,0.0204055,0.0202297,0.00857833,0.012182295,0.0622879,0.00955083,0.0488532,0.01044842
117.0,0.01411955,0.01360045,0.02529595,0.010188285,0.03597735,0.00891774,0.00749019,0.06935655,0.0136908,0.59062,0.0532776,0.0112084,0.0184755,0.03584565,0.009494115,0.00563776,0.0128851,0.02232575,0.0202384,0.02135445
118.0,0.0135085,0.02144925,0.00615607,0.0127669,0.06892065,0.008987975,0.10258505,0.0569725,0.06024085,0.0244853,0.01607242,0.0179841,0.007299435,0.0117122,0.2832255,0.01230625,0.04745835,0.0381412,0.0508052,0.138922
119.0,0.02456735,0.0202208,0.03220415,0.498123,0.02373765,0.015794905,0.0223376,0.01244236,0.0890244,0.011709605,0.03804315,0.03377985,0.005299855,0.02139685,0.0269479,0.0350707,0.0119795,0.01177801,0.03506165,0.03048095
120.0,0.02235195,0.018144,0.0205416,0.01811575,0.0220315,0.009030445,0.117489,0.01497673,0.0223701,0.0245001,0.0210465,0.0286295,0.00500221,0.377069,0.0914026,0.04262715,0.0457077,0.01767545,0.03727105,0.04401825
121.0,0.01414675,0.010287455,0.016677,0.012401415,0.02775185,0.00392578,0.01768295,0.2350385,0.01581325,0.444842,0.0355922,0.00887288,0.00733525,0.01854285,0.00642957,0.03401666,0.01242345,0.04522605,0.02235095,0.01064262
122.0,0.06364325,0.05441805,0.01054092,0.0511147,0.0664435,0.187397,0.030524,0.02822012,0.02653905,0.02294915,0.03351735,0.0571428,0.005743335,0.05348075,0.0239211,0.123554,0.0950835,0.0289833,0.011819685,0.0249644
123.0,0.10138135,0.01339595,0.04932525,0.0969871,0.03741245,0.09405025,0.0226388,0.05848725,0.00845823,0.0408108,0.0551238,0.01544065,0.00718442,0.06106345,0.04728305,0.1486285,0.0297777,0.0423075,0.010620845,0.05962325
124.0,0.1200145,0.04371975,0.0052361,0.007072955,0.03202215,0.008894025,0.00709561,0.251527,0.006917925,0.0512244,0.04523695,0.01000941,0.00274569,0.006932625,0.002691796,0.0503938,0.144992,0.172917,0.01817565,0.012180365
125.0,0.0316562,0.0077536,0.0718291,0.04738995,0.04974325,0.02980295,0.01799985,0.10937095,0.03669105,0.1140595,0.02274495,0.0311334,0.006799,0.0533445,0.0649826,0.0818154,0.1064323,0.04344185,0.01726905,0.0557405
126.0,0.0512378,0.00854682,0.0946882,0.0746372,0.0538135,0.0564412,0.015210115,0.0102815,0.092617,0.03171235,0.0224733,0.024718,0.006318835,0.148498,0.05873365,0.10692715,0.04247355,0.05097675,0.010583865,0.0391113
127.0,0.142717,0.011462805,0.0071126,0.005799525,0.07180935,0.0221009,0.0286209,0.07602865,0.0161306,0.1718925,0.0995959,0.00312152,0.00384713,0.0196068,0.003254435,0.0391883,0.0645535,0.06502365,0.11444085,0.033693
128.0,0.0228087,0.008938965,0.09001545,0.3210105,0.01084575,0.01006785,0.0707545,0.02600905,0.0279445,0.0212618,0.09141575,0.033159,0.01360325,0.01610105,0.01181232,0.0606308,0.0678221,0.04166935,0.0133805,0.04074855
129.0,0.01438245,0.02374815,0.0204447,0.0240224,0.017796,0.02192075,0.02504475,0.0292928,0.10205845,0.0136163,0.03626175,0.01678065,0.03880185,0.01824335,0.510298,0.0106729,0.0227239,0.01594835,0.02248705,0.01545535
130.0,0.0181699,0.0184272,0.02691555,0.0247968,0.434938,0.0297052,0.01933145,0.07681605,0.0204421,0.0223605,0.027074,0.01704345,0.01211448,0.01813245,0.009440565,0.01520154,0.01929915,0.04425025,0.04112955,0.1044117
131.0,0.03709865,0.0292142,0.0503278,0.328719,0.01462295,0.01124871,0.01370045,0.0239885,0.03354695,0.02554245,0.0259317,0.0471967,0.1380065,0.04882575,0.01342865,0.029127,0.02556165,0.06236585,0.02692685,0.014619705
132.0,0.0462428,0.02895135,0.01996735,0.0162623,0.0566489,0.0125018,0.015283,0.310509,0.02134075,0.159256,0.120256,0.0341396,0.009573625,0.01187402,0.01185495,0.008061445,0.0155523,0.04135005,0.03272065,0.02765295
133.0,0.02347165,0.0271835,0.0236316,0.0166322,0.473154,0.00619703,0.0150171,0.0220176,0.028815,0.01755075,0.140048,0.012625395,0.00575168,0.012347415,0.00883634,0.013635725,0.011300825,0.013894185,0.03408485,0.09380535
134.0,0.02776525,0.00775639,0.2654345,0.0838244,0.013313705,0.01776417,0.014369235,0.00869816,0.108143,0.00682823,0.007173795,0.0729952,0.138827,0.05306695,0.03294815,0.06293115,0.0270573,0.0176687,0.00912095,0.0243139
135.0,0.0551726,0.0210362,0.05331595,0.04244115,0.146213,0.04231325,0.0164247,0.01445025,0.10284355,0.06856,0.0209779,0.00981406,0.03932555,0.04703555,0.0316065,0.05278145,0.05928285,0.0680288,0.03237275,0.07600445
136.0,0.135921,0.00256404,0.09918785,0.181217,0.02043355,0.05010235,0.0349531,0.02290755,0.006327475,0.0376375,0.0468563,0.115073,0.01697215,0.0200156,0.0037624,0.06857595,0.05989385,0.04282275,0.013806315,0.0209701
137.0,0.0429785,0.0030790575,0.016694795,0.0672985,0.02467705,0.1275795,0.02356615,0.07120835,0.0142586,0.06625725,0.05947085,0.2111845,0.01661135,0.03259745,0.02616735,0.05809185,0.02653895,0.0351821,0.0373493,0.03920825
138.0,0.2341125,0.01284375,0.0058954,0.005768685,0.03684685,0.04280185,0.03648965,0.0231454,0.02233755,0.01080435,0.04520095,0.02955045,0.0015303155,0.07547175,0.01249721,0.0883793,0.10653165,0.0612001,0.1298635,0.01872828
139.0,0.01155595,0.02539945,0.007476745,0.010880165,0.1906535,0.01802665,0.02642735,0.00836186,0.00670388,0.0180868,0.0424127,0.006097995,0.00358885,0.009737,0.006269335,0.00428786,0.0110194,0.016375,0.4882275,0.0884121
140.0,0.0279405,0.04622005,0.02039815,0.08074175,0.015751835,0.04407515,0.009641995,0.0372658,0.0155395,0.0362188,0.0652066,0.0320085,0.209769,0.140637,0.0488618,0.0614912,0.04397015,0.03624265,0.0107874,0.0172321
141.0,0.00871312,0.02331965,0.02019225,0.02813295,0.00820761,0.02316145,0.0335991,0.0209174,0.02019095,0.01751525,0.01196784,0.5894385,0.02771435,0.0462279,0.01532005,0.02785805,0.0109079,0.0149831,0.02672225,0.02490985
142.0,0.01804925,0.005400245,0.00906196,0.010280325,0.07162435,0.00299004,0.201159,0.01888895,0.00516859,0.02099795,0.02747895,0.061961,0.00291003,0.03858815,0.0125736,0.0815419,0.1036821,0.0384026,0.02119795,0.248042
143.0,0.02300485,0.009936205,0.04547045,0.02114705,0.01285103,0.204758,0.01416975,0.020728445,0.156983,0.0136865,0.0173041,0.008423195,0.010285385,0.01676485,0.00662097,0.0389962,0.352018,0.00490018,0.011221445,0.0107294
144.0,0.0784526,0.03168265,0.166239,0.267303,0.10047875,0.0219782,0.01954565,0.02344065,0.007232665,0.01316007,0.0314534,0.04477465,0.005230485,0.02516985,0.008558325,0.03793515,0.01795375,0.0223968,0.05628305,0.02073075
145.0,0.07276225,0.01298455,0.06397485,0.0633128,0.0698149,0.0579131,0.05400925,0.0149393,0.017125,0.01430738,0.03129325,0.07630715,0.0257014,0.164287,0.02741815,0.01907945,0.0206888,0.04465535,0.0146282,0.134798
146.0,0.0556235,0.01470525,0.0327768,0.0391899,0.02691435,0.327642,0.05052745,0.05286885,0.0621629,0.0249214,0.01696615,0.04748705,0.0260903,0.0486867,0.03152925,0.02839055,0.029417,0.03122245,0.03070355,0.0221747
147.0,0.04705925,0.00392491,0.0252468,0.020404,0.01440245,0.013814735,0.0386532,0.1719645,0.07380915,0.014777875,0.03637185,0.03941505,0.013351865,0.0194738,0.07424005,0.0954972,0.1522435,0.122525,0.0059789,0.01684585
148.0,0.00773833,0.01939335,0.00845817,0.011768255,0.005220765,0.00734576,0.01811021,0.01848771,0.01714485,0.00444463,0.01899835,0.01705965,0.00998078,0.0120102,0.00683001,0.5858625,0.191604,0.00897285,0.0152924,0.015276775
149.0,0.186806,0.009499325,0.0111997,0.01610365,0.113537,0.019660345,0.02052505,0.017844,0.010063715,0.06183385,0.0200998,0.0200468,0.00473639,0.1478025,0.005727165,0.148222,0.0275671,0.02545245,0.092197,0.04107585
150.0,0.197801,0.03258,0.014362945,0.01485175,0.02258875,0.02391825,0.0368852,0.01123155,0.02350715,0.145807,0.02971115,0.02635775,0.007792755,0.015880995,0.01738085,0.2773735,0.05787895,0.01975815,0.009227315,0.01510485
151.0,0.019644385,0.492893,0.02541625,0.01844986,0.03020435,0.0333933,0.0149294,0.00927541,0.0355899,0.02573425,0.0169943,0.01266875,0.02282065,0.0244194,0.0186196,0.0503086,0.02263155,0.0176861,0.0393181,0.069003
152.0,0.029747,0.006017135,0.01928745,0.07747245,0.01747743,0.08196025,0.02053054,0.0745156,0.03753795,0.05449305,0.0175854,0.10584375,0.09795685,0.0949743,0.0507188,0.03762215,0.0938675,0.0445474,0.00900689,0.028837555
153.0,0.1555585,0.0346197,0.05965005,0.0492899,0.013544515,0.00797635,0.05125745,0.05507875,0.02594165,0.01832275,0.03373509,0.025828695,0.00991546,0.05459305,0.0572885,0.06370505,0.154106,0.06135785,0.02955625,0.03867445
154.0,0.0491168,0.00476696,0.010313945,0.0664161,0.0221895,0.0387276,0.07488785,0.05196185,0.02890325,0.09221835,0.0372989,0.0619802,0.001982695,0.07587415,0.05959855,0.04687175,0.0540714,0.0684348,0.0218364,0.132549
155.0,0.0994341,0.0179746,0.161228,0.08826475,0.0156884,0.10263275,0.03341925,0.0075502,0.06746065,0.007335,0.0573569,0.05189025,0.005837055,0.08143875,0.02422875,0.0933259,0.0338,0.01294966,0.02429775,0.013888005
156.0,0.03620705,0.00807981,0.043942,0.10786725,0.01553793,0.0762745,0.0473625,0.06579705,0.0569467,0.03233945,0.07898315,0.02851571,0.007415745,0.0355855,0.02520665,0.06392055,0.1744845,0.04018315,0.01152385,0.04382685
157.0,0.0927578,0.004787765,0.01731989,0.01381178,0.010688745,0.006370675,0.05710705,0.0279501,0.0822401,0.1370645,0.054823,0.01689855,0.1001325,0.0417155,0.0179361,0.06963305,0.1448835,0.0155566,0.0142099,0.0741129
158.0,0.09088,0.009273165,0.07742025,0.143864,0.010590865,0.1650575,0.0857889,0.005956335,0.05049865,0.01269786,0.021764,0.02497235,0.00563296,0.09993125,0.008971065,0.109627,0.0535288,0.006396545,0.010212845,0.006935915
159.0,0.02770415,0.0228923,0.01653579,0.01173871,0.5806575,0.013100935,0.0375747,0.0122483,0.01258415,0.0122766,0.06765215,0.01407945,0.0152104,0.009546665,0.01088725,0.01902255,0.01704275,0.0248865,0.0328555,0.04150385
160.0,0.006745685,0.01588674,0.0232662,0.0367976,0.240095,0.007078495,0.031361,0.0137651,0.007520825,0.010537945,0.014699285,0.01618305,0.01119555,0.02385815,0.006015065,0.01208945,0.02671345,0.009150175,0.037504,0.449537
161.0,0.0170874,0.0238865,0.01269035,0.02354255,0.00951288,0.0224881,0.118647,0.00807616,0.168177,0.00465705,0.013426745,0.0667749,0.007616915,0.02710685,0.3069725,0.0969072,0.029019,0.008133925,0.0144898,0.02078705
162.0,0.008131785,0.02188395,0.0287512,0.01445875,0.010578015,0.00757452,0.04903175,0.016752825,0.03110765,0.004126295,0.0151195,0.6324765,0.008292285,0.01857635,0.00459954,0.03215825,0.0512604,0.008109795,0.0210381,0.0159728
163.0,0.004331075,0.02658545,0.01021076,0.010044965,0.0505674,0.01067526,0.007468605,0.2115525,0.01160625,0.3789905,0.1111335,0.01128347,0.008877745,0.01007675,0.005217835,0.02094805,0.005769595,0.07323145,0.0235921,0.007837345
164.0,0.0593811,0.01594935,0.0160449,0.02033355,0.1159383,0.04011475,0.03839895,0.03650145,0.01885395,0.2361585,0.0211293,0.0379482,0.004937165,0.01665425,0.01359485,0.0227223,0.008029405,0.209134,0.01753745,0.05063815
165.0,0.01140565,0.03351175,0.0153044,0.0175556,0.0248922,0.01730125,0.017038485,0.00999854,0.01008979,0.0152365,0.03902305,0.01132215,0.01588125,0.0130198,0.06226055,0.02333885,0.01647825,0.01074525,0.6249715,0.01062525
166.0,0.01260015,0.0196693,0.006739305,0.008261295,0.004148195,0.00405014,0.00527259,0.2239215,0.00618312,0.279699,0.015045375,0.0118439,0.01834955,0.010599895,0.00499036,0.002738265,0.0272848,0.3165315,0.01213965,0.00993168
167.0,0.016138975,0.02887575,0.01870045,0.0201421,0.0245177,0.0617645,0.0241163,0.0304688,0.02388095,0.1096313,0.03647105,0.0168659,0.00278626,0.0832346,0.024284,0.05999695,0.2740485,0.0234175,0.011906,0.1087525
168.0,0.1053394,0.03245595,0.00263663,0.0770442,0.012261075,0.08911065,0.03830385,0.02354875,0.0828898,0.0359042,0.04086245,0.022516,0.004945415,0.08532745,0.08498905,0.08553175,0.08259135,0.0836834,0.00720247,0.002855415
169.0,0.08645945,0.01478055,0.0466975,0.05739185,0.0448325,0.0281398,0.04497855,0.03593945,0.0996027,0.04055615,0.0815282,0.04531245,0.004708055,0.0352386,0.1022734,0.05216985,0.03920975,0.0234824,0.02321775,0.09348175
170.0,0.0574274,0.005907065,0.0762179,0.0484997,0.0565262,0.0830195,0.02110545,0.0119379,0.01455185,0.08161,0.045202,0.155852,0.00399982,0.11167835,0.005132,0.10492915,0.05395585,0.0158554,0.008562575,0.0380302
171.0,0.04779035,0.00749594,0.15205,0.2984035,0.00625032,0.0167946,0.0224639,0.07003,0.005963645,0.0169679,0.02888755,0.04441405,0.0587608,0.0368638,0.00402666,0.056127,0.06132955,0.0458481,0.006913245,0.012619065
172.0,0.0280489,0.00185111,0.1191875,0.1197335,0.06626425,0.0218045,0.03338495,0.0318496,0.00361682,0.0278056,0.01946065,0.07702705,0.01004101,0.0205108,0.0128251,0.0571422,0.0900961,0.1216125,0.0635955,0.0741428
173.0,0.00726052,0.0244678,0.0386142,0.02046805,0.0830952,0.00848988,0.02237095,0.0161059,0.0095579,0.008686645,0.0367556,0.0264686,0.00545626,0.01153404,0.00743344,0.011634535,0.01328105,0.006718335,0.1896885,0.451913
174.0,0.0642716,0.013305605,0.062404,0.06321965,0.0228012,0.0734646,0.0454693,0.0355279,0.0954268,0.03818855,0.08463535,0.0411776,0.03388205,0.02785053,0.0553204,0.09385885,0.02690325,0.0339766,0.0304271,0.0578893
175.0,0.0376978,0.01228032,0.01938495,0.02565455,0.05951775,0.02279445,0.1235305,0.05491365,0.0670624,0.0940598,0.07565985,0.0198545,0.0576392,0.05232685,0.02322,0.04918875,0.0767567,0.047918,0.02141855,0.05912155
176.0,0.165196,0.01417065,0.003366525,0.00571422,0.04535115,0.006116645,0.015029935,0.113085,0.00343813,0.1188765,0.029761815,0.00593472,0.001917495,0.005973205,0.004789405,0.0382507,0.09110615,0.2914205,0.014938765,0.0255628
177.0,0.1448885,0.01245715,0.0266463,0.04689935,0.0526922,0.0264654,0.05509465,0.0345357,0.02701345,0.1056685,0.01871525,0.0224202,0.00302484,0.01444012,0.0184202,0.09573555,0.110305,0.07680285,0.04844285,0.05933185
178.0,0.07447575,0.01463275,0.0204745,0.02287381,0.08686695,0.0670934,0.011060705,0.02619195,0.027169165,0.0223449,0.0411014,0.0924031,0.01730095,0.0810259,0.0169549,0.191454,0.0806245,0.0886051,0.006505365,0.01084069
179.0,0.0632742,0.01201885,0.028159,0.1061647,0.06348185,0.03734655,0.01996465,0.0314702,0.03441615,0.02879815,0.0456249,0.07963755,0.00732455,0.055399,0.02573465,0.1084831,0.0711067,0.07861325,0.06759355,0.0353885
180.0,0.007844525,0.01813124,0.0225191,0.009690195,0.15202,0.00493307,0.0220618,0.008442735,0.01417285,0.006770665,0.0277051,0.013190305,0.0303899,0.010375515,0.00428422,0.006982495,0.0069535,0.0074705,0.242404,0.383658
181.0,0.0535889,0.05261395,0.02766925,0.0200912,0.04537565,0.01019358,0.0295328,0.0614312,0.02829685,0.0415079,0.07136075,0.0456611,0.008215195,0.06010435,0.03782295,0.02770005,0.1173475,0.0871691,0.126663,0.04765585
182.0,0.011526505,0.0915831,0.0242711,0.0252036,0.02671045,0.010406225,0.0255128,0.013338775,0.04588525,0.00566516,0.0195321,0.5748445,0.01223915,0.012117015,0.007795765,0.022167315,0.02055845,0.009632735,0.0240906,0.01691985
183.0,0.02244175,0.010095755,0.0857579,0.0424683,0.0139801,0.0381606,0.0185505,0.0274065,0.08171265,0.0694172,0.04303705,0.06159015,0.00210413,0.0733198,0.02481795,0.148252,0.08764555,0.08976935,0.01296952,0.04650335
