beta = 2.05953
kappa = 4.11371
omega = 0.674748
omega2 = 0.543561
phiA = 0.402882
phiC = 0.178969
phiG = 0.218953