beta = 0.822866
kappa = 2.35501
omega = 0.280009
phiA = 0.2574
phiC = 0.271903
phiG = 0.278109