site,A,C,D,E,F,G,H,I,K,L,M,N,P,Q,R,S,T,V,W,Y
1,0.048067,0.0505624,0.00443766,0.0199962,0.118307,0.0196662,0.0179257,0.0906342,0.0595799,0.113944,0.03624,0.0508743,0.0241901,0.0516976,0.0314739,0.0456306,0.140067,0.0410483,0.00904379,0.0266145
2,0.0729982,0.0316517,0.0329339,0.00857191,0.075349,0.00527381,0.0135452,0.0208997,0.00585169,0.210089,0.0959229,0.0821492,0.00909625,0.0318267,0.0071081,0.058398,0.0207678,0.0733575,0.0575661,0.0866437
3,0.0982976,0.0834899,0.00575352,0.0262016,0.0472324,0.0366458,0.04442,0.0544961,0.0666324,0.0553127,0.0218151,0.0197603,0.0663891,0.0569624,0.0819542,0.0428292,0.0571499,0.055105,0.0491479,0.0304048
4,0.150892,0.00799577,0.0288093,0.0283839,0.203798,0.00558687,0.0510318,0.0935528,0.0795227,0.164787,0.0184792,0.0220915,0.0118106,0.0131391,0.00772179,0.0196479,0.00984303,0.0143185,0.019263,0.0493259
5,0.0220503,0.0198374,0.00405401,0.00402533,0.110741,0.00663207,0.10783,0.117198,0.0105957,0.105504,0.0639621,0.00466876,0.00976033,0.104713,0.0038891,0.0745633,0.0193925,0.00918535,0.183403,0.0179953
6,0.0330529,0.0623027,0.00511379,0.0235619,0.06182,0.0126732,0.00618048,0.110545,0.0542811,0.138656,0.098081,0.02873,0.00198701,0.0213528,0.092508,0.00512918,0.0433377,0.105671,0.0492559,0.0457601
7,0.0428842,0.0319661,0.00707465,0.00837118,0.19928,0.0254933,0.0101455,0.058718,0.0108393,0.261847,0.0276541,0.00851121,0.0156293,0.0363334,0.0301036,0.0831156,0.045065,0.0237147,0.0445601,0.0286943
8,0.00589219,0.074939,0.00664315,0.00339424,0.0702158,0.171687,0.00271216,0.0519638,0.00912066,0.126554,0.158553,0.0240796,0.0139334,0.0144974,0.0224228,0.0118194,0.0044676,0.0382885,0.100468,0.0883484
9,0.081974,0.0927255,0.00660929,0.00279886,0.220445,0.00606553,0.0111396,0.0811456,0.143902,0.0255915,0.0196662,0.0148543,0.00655719,0.0184644,0.0218765,0.114994,0.0280059,0.021467,0.0127753,0.0689429
10,0.0852016,0.0467902,0.0134254,0.00787362,0.105721,0.0131201,0.0125373,0.0930758,0.0136623,0.122791,0.0252532,0.0414909,0.0224696,0.0108813,0.015957,0.0701853,0.0743742,0.135277,0.0614266,0.0284874
11,0.0249936,0.126287,0.017592,0.00465713,0.0642046,0.170266,0.0091809,0.031752,0.00946721,0.0957677,0.0478033,0.00447016,0.0108127,0.0163377,0.0369218,0.161244,0.00564736,0.0978296,0.0526424,0.012123
12,0.0820484,0.0261361,0.0212628,0.168482,0.0393693,0.0338609,0.0317304,0.0815283,0.0141503,0.0109093,0.0138885,0.0136764,0.0166189,0.0640113,0.0392555,0.106641,0.0073164,0.186637,0.0138453,0.0286315
13,0.180051,0.0828731,0.00955511,0.0957183,0.0465581,0.0120737,0.0385196,0.0209573,0.0252553,0.0735509,0.0481554,0.0902968,0.0244813,0.0844231,0.0113244,0.045077,0.0307736,0.0140219,0.032005,0.0343286
14,0.046099,0.123901,0.0158362,0.026888,0.00613742,0.006595,0.00854416,0.229763,0.00868273,0.00600698,0.100541,0.0139818,0.105154,0.00583584,0.0040519,0.0370536,0.124602,0.0890615,0.0278094,0.0134551
15,0.0985896,0.0242252,0.138868,0.058223,0.0107672,0.00782999,0.0648519,0.01748,0.123833,0.047061,0.114952,0.00589067,0.00251776,0.0245997,0.0550775,0.0546712,0.0275498,0.0527588,0.0438498,0.0264043
16,0.412958,0.0211397,0.066917,0.0118372,0.0166627,0.0808652,0.044056,0.0364209,0.0385046,0.0117298,0.0268254,0.0328004,0.010188,0.0325237,0.00888301,0.0642405,0.0128327,0.0263559,0.0369841,0.00727518
17,0.0263545,0.0173455,0.387309,0.0590334,0.00897043,0.14449,0.0155982,0.0072,0.02903,0.00641179,0.0217035,0.0488813,0.0114534,0.0242828,0.0401068,0.00917249,0.00788075,0.0691286,0.0296537,0.0359942
18,0.000635612,0.00143935,0.00412917,0.0400084,0.00748221,0.00408256,0.0310688,0.0701366,0.0611712,0.204957,0.0216511,0.0856007,0.00102874,0.195718,0.0490749,0.0618521,0.0646885,0.0526973,0.00214988,0.0404276
19,0.0129113,0.00323668,0.0310745,0.0363593,0.0119849,0.00968064,0.00624351,0.358946,0.210599,0.0784234,0.0548106,0.0256993,0.00639722,0.0607179,0.00639145,0.0267389,0.00273991,0.0279086,0.0044079,0.024729
20,0.0126125,0.420216,0.205473,0.00545819,0.0126574,0.00314612,0.00992616,0.00365331,0.0386957,0.0270636,0.0231031,0.0121059,0.0298931,0.0164986,0.0109863,0.0232761,0.0109561,0.0437687,0.0824824,0.00802734
21,0.0245348,0.0112554,0.109403,0.010038,0.013704,0.00446427,0.0186295,0.305454,0.015909,0.143336,0.0135951,0.0437885,0.00158874,0.00642606,0.00820008,0.0130853,0.01617,0.120373,0.00651961,0.113525
22,0.0212099,0.0172373,0.0164248,0.0119434,0.00700344,0.447763,0.0180547,0.00915881,0.00774255,0.0139146,0.0128734,0.0141168,0.0508177,0.0105332,0.0164069,0.270846,0.00591083,0.0152312,0.0189305,0.0138809
23,0.0089458,0.0315183,0.0122067,0.0243363,0.0735281,0.00237034,0.0156635,0.029536,0.0333692,0.0118007,0.0423735,0.00504502,0.00362485,0.0863346,0.00803757,0.00881206,0.129841,0.0626975,0.0644174,0.345541
24,0.0924799,0.0148545,0.00382905,0.00402239,0.00516797,0.0109592,0.223935,0.0617396,0.115662,0.147508,0.0361787,0.00306513,0.00998683,0.0436239,0.00295197,0.0432388,0.0676239,0.0553808,0.0102367,0.0475555
25,0.258586,0.101834,0.00235412,0.00397252,0.00677652,0.00347465,0.00641603,0.00623149,0.00618467,0.00563862,0.016804,0.0519113,0.00750235,0.017636,0.00329607,0.0505326,0.0196878,0.210705,0.00680355,0.213652
26,0.0427053,0.0107657,0.0173008,0.00766335,0.0815598,0.0194363,0.0277807,0.0425877,0.0608971,0.0114519,0.00923874,0.504852,0.00935923,0.00988311,0.066024,0.0206485,0.0199752,0.00481919,0.0187932,0.0142581
27,0.215375,0.00785709,0.115867,0.0099676,0.0129999,0.0238131,0.00880918,0.00388703,0.0251944,0.0127175,0.010497,0.42343,0.00689088,0.0120906,0.00527201,0.0187516,0.0136933,0.00715216,0.0494582,0.0162771
28,0.113519,0.0466942,0.00410956,0.0836291,0.00933719,0.0293022,0.0382114,0.00898288,0.0491365,0.0067545,0.00992717,0.0348649,0.00231714,0.029653,0.00956183,0.354736,0.125952,0.0201823,0.00895844,0.0141706
29,0.00476165,0.0027942,0.00720495,0.0226547,0.0071156,0.0162765,0.075638,0.0108579,0.0179115,0.0093273,0.0268031,0.150334,0.0267378,0.0166559,0.0102522,0.0507733,0.322994,0.00262796,0.214582,0.00369742
30,0.0184387,0.0102063,0.308331,0.0716854,0.0160212,0.0190271,0.0710075,0.0116089,0.0449585,0.00687973,0.00395381,0.0338906,0.00534254,0.172193,0.00762386,0.00472319,0.0654281,0.0841322,0.0225744,0.0219732
31,0.0275376,0.018969,0.00360714,0.276924,0.00457245,0.0337771,0.0196985,0.00610094,0.0164338,0.0698692,0.0282929,0.0188157,0.0139912,0.0164679,0.0428712,0.0543757,0.304822,0.0221023,0.0146437,0.00612823
32,0.0136751,0.013086,0.141286,0.00624196,0.00701421,0.0152103,0.00405984,0.145504,0.0976424,0.12479,0.0118003,0.00333327,0.0021998,0.0165888,0.0122003,0.0426816,0.00531952,0.326232,0.00228723,0.0088486
33,0.00860938,0.00720103,0.455288,0.0605172,0.0418698,0.0418626,0.0138975,0.0104345,0.00854182,0.0196843,0.0383029,0.0581917,0.0446902,0.0122026,0.0211475,0.00805095,0.0288411,0.0547151,0.0194091,0.0465427
34,0.0221836,0.00704829,0.0102669,0.0102575,0.0169271,0.0136906,0.0224032,0.019604,0.0152737,0.0119066,0.0237472,0.0415315,0.00690847,0.0436242,0.00953426,0.149639,0.536535,0.0129038,0.00752093,0.0184945
35,0.0368978,0.0571376,0.00321016,0.00837093,0.0543749,0.0198847,0.00366374,0.308978,0.0187081,0.0211727,0.205395,0.0155761,0.0311315,0.0286066,0.0119335,0.0159439,0.0908999,0.00702319,0.0103564,0.0507347
36,0.0262632,0.0645738,0.0924109,0.0171052,0.0357461,0.00557129,0.00322392,0.0254616,0.00507109,0.0957457,0.01071,0.0110575,0.00978452,0.0253245,0.0812372,0.239203,0.197921,0.00339499,0.0151841,0.0350097
37,0.0781623,0.0069859,0.0279322,0.427543,0.00833283,0.0329344,0.0359653,0.0229201,0.014933,0.00427898,0.00902655,0.0490087,0.00422781,0.0421155,0.0575911,0.0736693,0.0164173,0.0154847,0.0570952,0.0153757
38,0.0143488,0.02454,0.00787527,0.0268063,0.00763997,0.122552,0.0348564,0.00688836,0.278926,0.0105167,0.0295259,0.0246201,0.0147764,0.0104226,0.298519,0.00693141,0.0435953,0.00821227,0.0118937,0.0165537
39,0.0332578,0.0167902,0.0238905,0.0395064,0.00977531,0.0497774,0.0260599,0.00940882,0.102864,0.00860151,0.0250401,0.442564,0.0206825,0.0230529,0.053229,0.055482,0.00767646,0.0226926,0.0181565,0.0114928
40,0.0163761,0.0500164,0.0140033,0.0194152,0.019402,0.0181368,0.0186159,0.150474,0.0221459,0.019178,0.0433206,0.0563721,0.00525459,0.0514661,0.00924369,0.00602359,0.0262496,0.384968,0.0557545,0.0135834
41,0.103414,0.158061,0.0196904,0.000876906,0.0893129,0.0418899,0.0144581,0.0062666,0.0530045,0.00460009,0.0128234,0.00874455,0.145964,0.0140842,0.0618441,0.000115827,0.0369797,0.16511,0.0429683,0.0197911
42,0.0887939,0.0344046,0.0313772,0.0418352,0.0189477,0.026971,0.0895299,0.0898924,0.0422908,0.000360162,0.0556942,0.0434007,0.0222496,0.0351406,0.0149109,0.0152316,0.025578,0.250629,0.0367124,0.0360504
43,0.0151079,0.00753134,0.0548569,0.0186784,0.0475782,0.0119559,0.0170044,0.00875084,0.0600981,0.0391746,0.0209385,0.0363544,0.000458893,0.0179536,0.0127479,0.0178143,0.501289,0.0650722,0.0264547,0.0201802
44,0.0632689,0.0123821,0.037212,0.0247142,0.0990783,0.0211356,0.328388,0.00552942,0.00542993,0.0252558,0.0771123,0.0244581,0.00365725,0.0526383,0.00810618,0.150727,0.00648946,0.00486045,0.0263341,0.0232232
45,0.0354673,0.0170944,0.0168689,0.0120627,0.0709524,0.00823345,0.0949058,0.0144406,0.0431091,0.0660014,0.0101586,0.0454429,0.0119958,0.0135966,0.00497068,0.343386,0.0174481,0.0139129,0.155218,0.00473447
46,0.0147981,0.0128744,0.00496342,0.0137913,0.106962,0.0197148,0.0195145,0.115117,0.0562842,0.0618909,0.0526317,0.00545913,0.00496051,0.0548529,0.0346891,0.00526974,0.0264679,0.233211,0.0226813,0.133866
47,0.00306778,0.00823419,0.0684536,0.0883841,0.0238796,0.00433539,0.00769847,0.00668884,0.0405629,0.00821519,0.0224333,0.38301,0.033206,0.0197714,0.0285794,0.0813041,0.103507,0.0109826,0.0414015,0.0162848
48,0.00649305,0.0290841,0.0116533,0.0303905,0.0262391,0.0104911,0.0220891,0.0631415,0.0107875,0.54225,0.012839,0.0126372,0.0605251,0.0480459,0.0195373,0.0182031,0.0155975,0.0140676,0.0203543,0.025574
49,0.0284854,0.0237281,0.142142,0.0129902,0.0130371,0.0228119,0.0110212,0.00716251,0.0225124,0.528562,0.0127059,0.00547899,0.0237721,0.0216925,0.0123633,0.0413833,0.00943968,0.0200579,0.0181655,0.0224878
50,0.184117,0.0231398,0.052572,0.186664,0.0430436,0.00497577,0.0107095,0.0217175,0.00933047,0.0536545,0.00565951,0.00729841,0.00191121,0.0120577,0.0221829,0.00980032,0.0500096,0.25413,0.00897411,0.0380522
51,0.10992,0.0151897,0.20278,0.0294905,0.00698229,0.047477,0.0559835,0.0234406,0.0200324,0.0397059,0.0218673,0.108116,0.00891841,0.00980767,0.00521202,0.0918198,0.111666,0.0562021,0.0231093,0.0122804
52,0.120389,0.00211809,0.00437928,0.180519,0.0557988,0.0918195,0.0710556,0.00642052,0.0557216,0.0329285,0.0268796,0.0435746,0.00134738,0.0756199,0.0371242,0.0723841,0.021405,0.0686378,0.0139175,0.0179595
53,0.0440562,0.0132747,0.0119831,0.0136317,0.00430738,0.0103177,0.286838,0.040312,0.0197686,0.00625399,0.0697862,0.00405786,0.0515007,0.0543281,0.047049,0.0217656,0.144864,0.0201697,0.0116714,0.124064
54,0.00568543,0.00854236,0.0450136,0.0289296,0.200399,0.0296976,0.0116408,0.0144367,0.0388458,0.00667277,0.0285798,0.326124,0.00936115,0.0351293,0.0107322,0.107491,0.0565687,0.0145869,0.015909,0.00565375
55,0.0249972,0.00790538,0.0404174,0.0401789,0.0164435,0.327184,0.0249136,0.0953655,0.0101382,0.0045503,0.225719,0.0334848,0.00798113,0.0135863,0.0379688,0.0206096,0.0386351,0.0108515,0.0107753,0.00829377
56,0.0882155,0.0151781,0.0142299,0.0033574,0.274687,0.028643,0.0389307,0.00723819,0.176925,0.0468669,0.0488936,0.0276285,0.00449522,0.0239641,0.0807286,0.00415718,0.0056196,0.0534163,0.0484667,0.0083583
57,0.00652733,0.0262071,0.00599944,0.0332142,0.0320471,0.00722221,0.0226453,0.0858716,0.0169556,0.430897,0.0373395,0.0499612,0.0266886,0.0244178,0.0470499,0.0145731,0.0114585,0.00988317,0.0625678,0.0484731
58,0.0112428,0.448436,0.013303,0.0549183,0.0134062,0.016833,0.0103924,0.0341428,0.010792,0.0188832,0.0501059,0.0327834,0.00639176,0.127392,0.00621312,0.00703096,0.00950243,0.0248053,0.0265608,0.0768647
59,0.0472068,0.00788217,0.0261538,0.0212294,0.0436245,0.0064367,0.0983026,0.00585031,0.120697,0.0472721,0.0228063,0.121899,0.00145499,0.0328701,0.167852,0.0856819,0.0353785,0.00342,0.018812,0.0851701