site,A,C,D,E,F,G,H,I,K,L,M,N,P,Q,R,S,T,V,W,Y
1,0.0168408,0.0973581,0.0139947,0.0232411,0.0373515,0.0235764,0.0691057,0.0574254,0.0586272,0.0567177,0.0590053,0.076255,0.0319696,0.0485547,0.0227157,0.0564,0.0722192,0.0612224,0.0233673,0.094052
2,0.0997188,0.0308736,0.0645482,0.0491923,0.0311268,0.0160718,0.0369232,0.101054,0.033411,0.0574664,0.0338298,0.0675188,0.0435098,0.0344295,0.0775359,0.0266677,0.051014,0.0699532,0.016561,0.0585941
3,0.0940798,0.0180865,0.0250025,0.0384132,0.0174904,0.0236434,0.0300518,0.0262088,0.0819745,0.0528495,0.0988755,0.0895592,0.0288089,0.0551703,0.0485331,0.0754252,0.0759482,0.0564533,0.0271749,0.0362507
4,0.0950324,0.190554,0.00791611,0.026333,0.0881428,0.0339342,0.0623215,0.0308883,0.0247196,0.114768,0.0515762,0.0100189,0.0140171,0.0311765,0.0213789,0.00576419,0.0345075,0.0495857,0.0728982,0.0344671
5,0.0617518,0.0526129,0.0423962,0.0232942,0.163513,0.0117138,0.0221077,0.045438,0.0148857,0.175065,0.0625393,0.0162817,0.0239213,0.0195267,0.0327371,0.0110008,0.0171043,0.089786,0.0312622,0.0830612
6,0.038904,0.127885,0.0170227,0.0379039,0.129999,0.0093602,0.0121552,0.0406735,0.027705,0.118053,0.0899422,0.0205717,0.00477191,0.0192639,0.0213637,0.0177868,0.0331936,0.0952853,0.116196,0.0219628
7,0.0409889,0.0393913,0.0113553,0.0165174,0.111268,0.010495,0.0328555,0.13281,0.0212585,0.223151,0.0881152,0.0244279,0.0178985,0.032229,0.0141574,0.00547831,0.00810767,0.0987988,0.0512325,0.0194643
8,0.016551,0.131315,0.0161808,0.0228743,0.0548444,0.0121877,0.0237813,0.0662994,0.0124737,0.207804,0.0324169,0.0256448,0.0277907,0.0145616,0.0230544,0.0171934,0.035205,0.171796,0.023042,0.0649837
9,0.0333972,0.0535677,0.0173231,0.0146549,0.0826018,0.0251872,0.047642,0.111172,0.00945081,0.116545,0.101312,0.00999426,0.00836178,0.0124406,0.0107777,0.0792077,0.0729861,0.0447245,0.0227351,0.125918
10,0.0735974,0.0601548,0.00695665,0.0493802,0.13565,0.034674,0.0741658,0.041205,0.00547004,0.0919214,0.0588612,0.0168155,0.00902669,0.0689964,0.0114173,0.0693108,0.029989,0.0675766,0.0552243,0.0396064
11,0.103273,0.0765044,0.00846335,0.0137663,0.152945,0.00517259,0.0337687,0.134052,0.0118509,0.0679445,0.0192575,0.0251503,0.0174621,0.0142407,0.0229573,0.0483409,0.0420956,0.128067,0.0568362,0.0178516
12,0.0715351,0.0471202,0.0160192,0.0250822,0.0218038,0.0116175,0.0598395,0.0537298,0.0266853,0.0294878,0.0667658,0.0348204,0.0178771,0.0233425,0.047646,0.124381,0.0913354,0.18117,0.0344996,0.0152412
13,0.131946,0.0310921,0.0499146,0.0417515,0.0417375,0.0599801,0.034216,0.0256658,0.0337042,0.0641586,0.0416077,0.0401047,0.0197127,0.102337,0.0611732,0.0496413,0.0406196,0.0523511,0.0478587,0.0304281
14,0.0598719,0.0253165,0.0271799,0.0205324,0.0197536,0.0429255,0.0202822,0.106327,0.0404139,0.00709884,0.0298153,0.0246304,0.0197876,0.0167117,0.0164347,0.0880551,0.26376,0.121333,0.0290909,0.0206799
15,0.117743,0.0237101,0.205896,0.0411231,0.0174684,0.0505738,0.0725725,0.0321352,0.044906,0.0104301,0.0507593,0.0494154,0.00906069,0.0237697,0.097299,0.0315647,0.0321602,0.0122233,0.0249164,0.0522733
16,0.326933,0.0388733,0.0391658,0.0568169,0.0230711,0.0782125,0.0255068,0.0330947,0.0220071,0.0133628,0.0481563,0.0256891,0.0249024,0.0260322,0.016309,0.0531521,0.0309957,0.0499644,0.0433465,0.0244091
17,0.0420793,0.0173321,0.355783,0.0446409,0.0176166,0.0441385,0.0219059,0.0177082,0.0303828,0.00901621,0.0330296,0.0536678,0.023719,0.0224841,0.00896607,0.0131467,0.0384926,0.0323818,0.028004,0.145505
18,0.0103502,0.0109247,0.0221319,0.0436619,0.0259539,0.00351484,0.0769035,0.0191639,0.0783243,0.073119,0.0672091,0.0367847,0.00538866,0.0654936,0.108647,0.11225,0.0991269,0.066094,0.0212571,0.0537002
19,0.0118583,0.0248024,0.0323532,0.0169145,0.0228914,0.0100819,0.0193063,0.378483,0.0412946,0.0727242,0.0516789,0.0154712,0.0439893,0.0167612,0.0199257,0.0108895,0.0684502,0.0920804,0.0279543,0.0220897
20,0.0192371,0.526143,0.0410384,0.0189802,0.0525325,0.017682,0.0160613,0.0182112,0.0241511,0.0104915,0.0288177,0.0204721,0.0183597,0.0200982,0.0327395,0.0158096,0.0149616,0.020992,0.0465521,0.0366691
21,0.0297146,0.0335654,0.0215876,0.0313659,0.0186129,0.0129947,0.030878,0.489837,0.0463062,0.0149051,0.0420945,0.0143007,0.0132182,0.0274305,0.0133268,0.028107,0.0330247,0.0474606,0.034478,0.0167917
22,0.0196223,0.0450537,0.0461967,0.0266233,0.0187687,0.492292,0.0203962,0.0173209,0.0308805,0.0200412,0.033553,0.0228914,0.00988426,0.0264431,0.0228937,0.0281978,0.0126178,0.0497312,0.0350555,0.0215363
23,0.0222283,0.0352621,0.0184532,0.0164668,0.122941,0.0056254,0.0416956,0.0167855,0.0326257,0.00525642,0.0507955,0.0178764,0.00536713,0.037235,0.0133723,0.0478739,0.123474,0.0315309,0.0546465,0.300488
24,0.0501893,0.0398982,0.0292129,0.0213365,0.0111017,0.0141361,0.261473,0.0237214,0.0111838,0.0998068,0.039436,0.051341,0.0157855,0.120211,0.0197592,0.0179624,0.0388398,0.0797598,0.0186933,0.0361522
25,0.399139,0.0174327,0.0157955,0.051495,0.0217318,0.0250888,0.0181144,0.0229389,0.0162338,0.00800462,0.0339061,0.096682,0.00663964,0.0165842,0.0101567,0.134382,0.0313732,0.0256834,0.0301942,0.0184237
26,0.0146707,0.0168,0.0689577,0.0210619,0.0215635,0.0111279,0.0608844,0.017282,0.0365185,0.00786701,0.0304355,0.508253,0.00744993,0.0175064,0.0127557,0.0689699,0.015988,0.00982636,0.0230947,0.0289867
27,0.00990583,0.0148218,0.0318685,0.0428204,0.0258614,0.0150975,0.0141912,0.0206213,0.0297055,0.00663038,0.0360943,0.490415,0.00827967,0.0231388,0.0149905,0.0332425,0.0164299,0.0208204,0.125366,0.0196997
28,0.0879294,0.0476507,0.00970155,0.0147909,0.0165504,0.029762,0.0210159,0.0109723,0.0341013,0.0118637,0.0360455,0.134088,0.0257407,0.0189908,0.0155805,0.364101,0.0276087,0.0228849,0.0497203,0.0209028
29,0.026613,0.0246148,0.021861,0.0219084,0.0241589,0.0209911,0.0242168,0.026307,0.0172177,0.0108159,0.0316218,0.0680051,0.0425498,0.0163704,0.00881239,0.101619,0.435237,0.0178212,0.0387478,0.0205108
30,0.0400287,0.0153812,0.32396,0.0927494,0.0226586,0.0158394,0.024243,0.0273114,0.0141884,0.0169845,0.0299768,0.0306632,0.00807692,0.0472803,0.0105356,0.0103329,0.147077,0.0454758,0.026158,0.0510795
31,0.0251089,0.0295778,0.0219159,0.0736051,0.0180951,0.00706192,0.0121055,0.0570961,0.0142891,0.069661,0.0920203,0.0410066,0.0174523,0.0416237,0.107256,0.0291014,0.23855,0.0644647,0.0278543,0.0121544
32,0.0428323,0.0386711,0.0319203,0.0299509,0.0432914,0.0240462,0.0228088,0.0634786,0.0163634,0.0159786,0.0320991,0.0190183,0.0115989,0.0252167,0.00820344,0.0167275,0.0178371,0.484335,0.0313414,0.0242808
33,0.0273613,0.0255439,0.454471,0.0441363,0.0235147,0.0437737,0.0316699,0.0194974,0.0186004,0.0149298,0.038786,0.050955,0.0179593,0.0252206,0.0119029,0.0178043,0.0328447,0.0204895,0.0317208,0.0488192
34,0.034073,0.0323202,0.0281583,0.0242229,0.0205493,0.0121335,0.03703,0.0442594,0.0646427,0.0165134,0.0345674,0.0383907,0.022442,0.0235727,0.0212842,0.0228053,0.452718,0.0171218,0.0261986,0.0269963
35,0.0461385,0.0206906,0.0206242,0.0182875,0.0278383,0.0110037,0.0205916,0.328069,0.0318296,0.123562,0.0557968,0.0130411,0.0415304,0.0213625,0.0148042,0.0169751,0.0713528,0.0583397,0.025608,0.0325547
36,0.0141908,0.0255773,0.0405937,0.0220332,0.034409,0.0109409,0.00918273,0.0379665,0.0329026,0.0640533,0.0324754,0.0210348,0.0118702,0.0965974,0.167173,0.203549,0.111959,0.00816143,0.0216863,0.0336439
37,0.156961,0.0166482,0.0486781,0.17478,0.0352064,0.024456,0.0169282,0.0103538,0.0372707,0.0101079,0.0318573,0.0330045,0.00716052,0.239419,0.0113864,0.0420638,0.0242967,0.0230431,0.0359277,0.0204506
38,0.0412842,0.0297166,0.0256131,0.0476534,0.0211568,0.0138578,0.0197767,0.0204464,0.266555,0.0089595,0.0596915,0.0468755,0.0256379,0.0186876,0.192225,0.0166453,0.0675761,0.0213852,0.0331756,0.0230799
39,0.0362708,0.0215125,0.0469743,0.0765608,0.0287429,0.0531503,0.0444342,0.0173572,0.0425349,0.0105961,0.0352581,0.338191,0.00900273,0.0541174,0.0125039,0.0420156,0.038286,0.015032,0.0286757,0.0487827
40,0.0504079,0.0295888,0.0233697,0.0481841,0.027357,0.0524723,0.0232378,0.08291,0.0201358,0.0525458,0.048716,0.0372267,0.0240939,0.0197045,0.0177883,0.0126203,0.0150079,0.358271,0.0316546,0.0247081
41,0.0875624,0.0477048,0.0298761,0.0542528,0.0462922,0.0292766,0.0445558,0.0948365,0.108905,0.0277957,0.0466834,0.0144551,0.0947183,0.0342331,0.0307982,0.0499945,0.0424618,0.0405672,0.0376214,0.037409
42,0.0479141,0.0438316,0.0413291,0.046364,0.0454138,0.031345,0.040535,0.0478859,0.0466896,0.0230699,0.0518768,0.0466733,0.0476197,0.0503403,0.025692,0.0372029,0.0328646,0.200858,0.0453907,0.0471037
43,0.0415238,0.0204243,0.0272065,0.0347487,0.0461703,0.0219374,0.0289534,0.0577875,0.0377488,0.0131386,0.0369091,0.0212384,0.0130728,0.0311024,0.0165655,0.0442079,0.417663,0.0183524,0.0444881,0.0267603
44,0.0555887,0.0253429,0.0729509,0.0275719,0.036823,0.028837,0.337555,0.0164639,0.0172111,0.0189184,0.0300757,0.0389837,0.0297651,0.055393,0.0250863,0.0852067,0.0175564,0.0138397,0.0287993,0.0380304
45,0.0487982,0.0360258,0.0324429,0.0228363,0.0469783,0.0196227,0.0378263,0.0337373,0.0255308,0.0403142,0.0626213,0.0292316,0.0331013,0.0354402,0.0230447,0.304498,0.0495866,0.0225806,0.048525,0.0472573
46,0.0448116,0.0267073,0.0252023,0.0164517,0.0752536,0.00811881,0.0235133,0.0507318,0.101979,0.0414583,0.0440523,0.0116221,0.0051407,0.072881,0.0386683,0.0249203,0.0573129,0.185764,0.019303,0.126108
47,0.0141355,0.0201005,0.0528475,0.0277457,0.023776,0.0260065,0.0140925,0.0169219,0.0226133,0.0101235,0.0269816,0.343412,0.0357402,0.0240047,0.0149605,0.144534,0.0948963,0.0212738,0.0518197,0.0140145
48,0.0106172,0.024852,0.028103,0.025343,0.150259,0.00900526,0.0194495,0.0557752,0.0272225,0.415756,0.0511763,0.0184996,0.0191153,0.0252409,0.0175242,0.0107112,0.0180657,0.0210046,0.0251221,0.0271575
49,0.0225185,0.0267288,0.0203431,0.0156329,0.0459468,0.0102072,0.0210012,0.0395165,0.0218987,0.479011,0.0633662,0.0174194,0.0207844,0.0175953,0.0082921,0.018788,0.00965276,0.0773566,0.0340561,0.0298837
50,0.161875,0.128609,0.0405106,0.15377,0.00801015,0.028498,0.0200427,0.111728,0.0457719,0.00871661,0.0205189,0.00792169,0.00327908,0.0584694,0.00463414,0.00821837,0.102211,0.063358,0.0154984,0.0083596
51,0.0963122,0.010222,0.115853,0.0887703,0.00922305,0.0703561,0.0702654,0.0163571,0.0538926,0.0189489,0.0491011,0.0222404,0.00246561,0.0156266,0.0308824,0.11556,0.048844,0.0479223,0.0148022,0.102356
52,0.0490921,0.0157865,0.0353779,0.140533,0.0318195,0.0505096,0.0301749,0.0488353,0.025235,0.0477503,0.0921013,0.0454578,0.00230691,0.0599269,0.0577331,0.0667194,0.10412,0.0284832,0.030311,0.0377267
53,0.0911436,0.0202971,0.0232515,0.0222176,0.0168126,0.0174806,0.30425,0.0130255,0.0139848,0.00610175,0.0252962,0.0445013,0.0341077,0.0258476,0.0291726,0.0706706,0.121589,0.031751,0.0336125,0.0548866
54,0.0209919,0.0203817,0.0367758,0.0203622,0.0279346,0.0199496,0.0333157,0.0362199,0.0604473,0.0124743,0.0339412,0.461127,0.0104507,0.0244587,0.0107765,0.0326013,0.0738502,0.0134156,0.0289888,0.0215378
55,0.0600122,0.0250666,0.0266125,0.0841921,0.0514513,0.190544,0.111627,0.010457,0.0419176,0.00585235,0.0311671,0.0336265,0.0113352,0.0619138,0.0256454,0.090816,0.0225631,0.0175562,0.0502927,0.0473515
56,0.149854,0.0224362,0.0139115,0.00944195,0.0180331,0.0128223,0.094063,0.0108002,0.127076,0.0269412,0.0913319,0.0162099,0.0101282,0.131368,0.0416848,0.00673585,0.0122266,0.0594387,0.0625733,0.0829229
57,0.0151137,0.022417,0.0203337,0.0442398,0.0192784,0.015494,0.0346845,0.0926195,0.02705,0.45807,0.0407181,0.0146968,0.0327788,0.0290565,0.0123211,0.02337,0.0193362,0.0325484,0.0265304,0.0193432
58,0.0148984,0.499493,0.0396798,0.0196832,0.0581905,0.0350812,0.0196802,0.011662,0.0156053,0.0207889,0.0400275,0.0213999,0.0178017,0.0221628,0.026631,0.0249649,0.0119986,0.0175641,0.031896,0.0507912
59,0.0596913,0.00933376,0.0188112,0.0142473,0.0867477,0.0052153,0.0407778,0.00524717,0.118755,0.0577485,0.0420056,0.0783156,0.003327,0.0421059,0.104072,0.0720583,0.065251,0.00186884,0.0224309,0.15199
60,0.00594229,0.00903711,0.0137822,0.0174577,0.0325078,0.0151861,0.0107001,0.16488,0.00910671,0.36487,0.05641,0.0107033,0.0125217,0.0109531,0.00545621,0.0209004,0.0234963,0.150314,0.0208335,0.0449408