beta = 0.677588
kappa = 5.35807
omega = 0.215559
phiA = 0.360731
phiC = 0.179094
phiG = 0.227645