beta = 0.678201
kappa = 5.35973
omega = 0.215601
phiA = 0.360737
phiC = 0.179097
phiG = 0.227648