beta = 0.48584
kappa = 5.3649
omega = 0.215314
phiA = 0.359198
phiC = 0.178082
phiG = 0.226044