beta = 0.677632
kappa = 5.35813
omega = 0.21556
phiA = 0.360732
phiC = 0.179094
phiG = 0.227645