beta = 0.677441
kappa = 5.35778
omega = 0.215558
phiA = 0.36073
phiC = 0.179093
phiG = 0.227644