beta = 0.485289
kappa = 5.3647
omega = 0.21531
phiA = 0.359192
phiC = 0.178079
phiG = 0.226042