kappa = 3.89945
omega = 0.242317
phi0A = 0.31069
phi0C = 0.132007
phi0G = 0.27127
phi1A = 0.387279
phi1C = 0.185672
phi1G = 0.190861
phi2A = 0.375382
phi2C = 0.199817
phi2G = 0.207163