beta = 0.677394
kappa = 5.3578
omega = 0.215558
phiA = 0.360729
phiC = 0.179093
phiG = 0.227644