beta = 0.678208
kappa = 5.35975
omega = 0.215571
phiA = 0.360737
phiC = 0.179097
phiG = 0.227648