beta = 0.394443
kappa = 5.36379
omega = 0.215283
phiA = 0.35838
phiC = 0.177551
phiG = 0.225475