beta = 0.677852
kappa = 5.35866
omega = 0.215563
phiA = 0.360734
phiC = 0.179095
phiG = 0.227646