beta = 0.307707
kappa = 5.36495
omega = 0.215275
phiA = 0.357567
phiC = 0.177016
phiG = 0.225053