beta = 0.307746
kappa = 5.36555
omega = 0.215338
phiA = 0.357568
phiC = 0.177016
phiG = 0.225054