beta = 0.67755
kappa = 5.35799
omega = 0.215604
phiA = 0.360731
phiC = 0.179094
phiG = 0.227645