beta = 0.478219
kappa = 5.3681
omega = 0.215355
phiA = 0.359117
phiC = 0.178042
phiG = 0.226019