beta = 0.307759
kappa = 5.36552
omega = 0.215268
phiA = 0.357568
phiC = 0.177016
phiG = 0.225054