beta = 0.307652
kappa = 5.36472
omega = 0.215276
phiA = 0.357567
phiC = 0.177015
phiG = 0.225053