beta = 2.10814
kappa = 5.1426
omega = 0.521609
phiA = 0.399598
phiC = 0.178458
phiG = 0.222436