beta = 1.72388
kappa = 4.94437
omega = 0.547833
phiA = 0.395032
phiC = 0.179445
phiG = 0.218258