beta = 1.99124
kappa = 4.97778
omega = 0.57498
phiA = 0.401849
phiC = 0.179115
phiG = 0.216835