beta = 2.10815
kappa = 5.14259
omega = 0.521605
phiA = 0.399598
phiC = 0.178458
phiG = 0.222436