site,A,C,D,E,F,G,H,I,K,L,M,N,P,Q,R,S,T,V,W,Y
1,0.0726883028194,0.0351451589432,0.0512016871581,0.0462572220313,0.0235093262942,0.066327713427,0.0366599639941,0.0373816925916,0.0784778426376,0.0362378332925,0.0523260782998,0.0722210399445,0.00872581989585,0.060319105943,0.0719294323135,0.0857703287603,0.0655375873779,0.0730469906387,0.00734556502766,0.0188913086097
2,0.00211644834375,0.0363709102394,0.0592994064125,0.0805889779726,0.0415684220718,0.012800769225,0.072946919575,0.0511575800028,0.0812819720959,0.0430139768561,0.0583889276321,0.058960974258,0.028528877121,0.0544991863004,0.0566821997349,0.0403078967188,0.0508667902565,0.0636627661919,0.0507215554205,0.0562354435709
3,0.0595741342129,0.0435713691938,0.0516461292162,0.0305848377417,0.0495239428198,0.0708194057899,0.0649419926957,0.0445080348561,0.062876814843,0.0509465065628,0.0604395755138,0.0638909570245,0.0290201978169,0.0548432179759,0.0357697759178,0.0528890510054,0.0457289584234,0.0513605157886,0.0318954855956,0.0451690970062
4,0.0159881489678,0.00478201516562,0.0037084244102,0.00303634748918,0.00151817374691,0.00210838511317,0.00693800219807,0.207504911248,0.0276511279038,0.101801537016,0.00656105856115,0.00238129790615,0.00836891430987,0.00573841819811,0.00273879050208,0.030601467319,0.169762859313,0.397302749074,0.000606092620251,0.000901278937889
5,0.0695307519975,0.00449633596817,0.00028683208276,0.0029325592635,0.0289214564314,0.00412617001252,0.0269638661397,0.110570341377,0.115382220729,0.051874302205,0.0961120590538,0.00785253611472,0.000946702612188,0.0712963054502,0.0897253709377,0.00875745782435,0.0588003091508,0.121947333493,0.0549068878586,0.074570201298
6,0.0576457834574,0.0492438655634,0.0575847286907,0.0717499112163,0.0439258606015,0.0559140535446,0.0497898629679,0.0487516729027,0.0619163232624,0.0523274188676,0.0590989667498,0.0497378003828,0.000240911232241,0.051944893717,0.0575324084437,0.0532868723189,0.056632582459,0.0246924057833,0.0540896145994,0.0438940632393
7,0.130213720207,0.00611809992464,0.000506008264221,0.00433851851195,0.000516890162692,0.00109848788586,0.0299230247556,0.0857626507808,0.0612609395471,0.0703072709834,0.0868834930449,0.00198913593321,0.000671796685624,0.0949567267983,0.13380332689,0.062321858489,0.107014724033,0.119370019243,0.000598391515182,0.00234491634513
8,0.0570050948285,0.251785723453,0.000225049219176,0.000625809943627,0.00029159603173,0.000312990958774,0.000145798015752,0.265157991358,0.000675147657964,0.256017046122,0.0131093836819,0.000379942990293,0.000532894931362,0.000579041230224,0.000287538034977,0.00101282655267,0.00385256288561,0.147048238285,0.000443655311648,0.000511668507384
9,0.0815665288378,0.014785487409,0.000961719891523,0.0605398631322,0.023666883925,0.0410085862791,0.0760307150213,0.0666519509085,0.0344645014158,0.059728109912,0.0646298379174,0.0414192238818,0.000204557834632,0.0979655630216,0.0837316967262,0.0483030072347,0.052746602204,0.0634846283904,0.0482303493597,0.0398801866973
10,0.062311817731,0.0500706223503,0.0317831828785,0.0603243058886,0.0378932603269,0.0470864526742,0.05428365835,0.05281723226,0.0562862924023,0.0490350192888,0.0598444258195,0.0503640556893,0.000254386821807,0.0731625962516,0.0628074777943,0.0540533358859,0.0638756514588,0.0557514868877,0.0339408176509,0.0440539215898
11,0.0940892310558,0.0981708049363,0.000935007162926,0.000786364999134,0.041232728647,0.00702559167172,0.00130874402197,0.0746529403527,0.000350094006578,0.0439266186681,0.213808184555,0.00138323224681,0.000353728199854,0.0150382823955,0.000438618920737,0.11301221784,0.0896614865353,0.167858682449,0.0274071330389,0.00856030829684
12,0.0312168114694,0.00338068242229,0.0105477291571,0.527624448063,0.00312268297536,0.0101115448732,0.00297398378653,0.00123993681408,0.00141770553038,0.00275104991644,0.0110554614492,0.00368515382252,0.00096590926429,0.363943464969,0.00123993681408,0.00733160043848,0.00572554658412,0.00959226438729,0.00107776523967,0.000996322023736
13,0.0538506000285,0.0441671204656,0.0256300428997,0.0592204571755,0.0470923032268,0.0582157010564,0.0507564110407,0.0444066900995,0.0597922715348,0.0519777632648,0.0637094904755,0.0642825921072,0.000733508634945,0.0550461795994,0.0564637408527,0.0535719464161,0.0550081133317,0.0565393637244,0.0606910387646,0.0388446653013
14,0.0546322102408,0.0498962649323,0.0478874549033,0.0560059796169,0.0571220154039,0.052039956517,0.0528859590035,0.0574248710982,0.0507165690428,0.0573182956187,0.0598510530497,0.0510584596844,0.000482693137005,0.0271368067147,0.0577658079449,0.0560885155461,0.0536990527727,0.0529971033361,0.0537744285601,0.0512165028769
15,0.0124534594664,0.00261309769318,0.00611464859626,0.00733585223043,0.0837717157729,0.0224953627373,0.0204335672059,0.11601151934,0.00344164086337,0.114555728866,0.208684704902,0.0081971031385,0.00874368607146,0.00577632121058,0.00274661363409,0.0505148683575,0.103249225968,0.0111336786855,0.0792591509191,0.132468054342
16,0.0637064973763,0.0167444740581,0.0753312767204,0.0734922825309,0.0283703541357,0.0378774841634,0.075709334724,0.0263636999949,0.0716177734499,0.0580851079675,0.0556700644315,0.0681644267852,0.000397498717661,0.0781271055625,0.0704201318618,0.0722076110698,0.0482974994209,0.0508772331324,0.00453523456509,0.024004909332
17,0.137730607526,0.00886722739442,0.00289283598929,0.00224760513074,0.00277939144113,0.311667229771,0.00113145724276,0.00364580667564,0.000602674164956,0.00270354537408,0.0501009268008,0.00552627538448,0.00121663436346,0.117429288311,0.001017215382,0.218706333446,0.116842963316,0.00809480120782,0.00419150160519,0.00260567947366
18,0.0630248809186,0.00246726711783,0.00257751527546,0.00190350984693,0.0147500673308,0.00150001355212,0.120099281377,0.0461365554244,0.109365292992,0.057797014929,0.0776632017386,0.0694134270572,0.0944739850202,0.0568898036416,0.0557146032383,0.0687872715968,0.0664984947483,0.05491755097,0.000878543006119,0.0351417202182
19,0.00432380796962,0.00476441998498,0.000366493845257,0.00139805374012,0.198146933523,0.000601488237274,0.000999160923367,0.166347484044,0.000633034822468,0.202684622626,0.217465652195,0.000489318809775,0.000400351753193,0.000896277026525,0.000219363440348,0.00220790194307,0.00699927678079,0.126167796725,0.0620374126458,0.00285114896525
20,0.208842112027,0.00600237844135,0.00504045881584,0.0051773601734,0.00157419734864,0.698943623153,0.00197070570394,0.00165888518112,0.00117799487117,0.000453859495032,0.00203181285911,0.00336750139727,0.00241942023508,0.00182650772604,0.00227668932697,0.0449815202816,0.00115847009313,0.00641232681208,0.00329000659559,0.00139416946172
21,0.00112269872381,0.000617535845851,0.00157431885182,0.000472093040262,0.313450532506,0.000579738392511,0.00191050152188,0.0133874559234,0.000289059332176,0.233086193745,0.227374070651,0.000560881181537,0.00070586842592,0.00030116280189,0.000588200108089,0.00091864836618,0.00072472877478,0.0110350321547,0.00164565406915,0.189655625583
22,0.104977766217,0.106152330769,0.000252320380173,0.000542928180743,0.167601929595,0.000624217578119,0.000959371993902,0.0509393823409,0.000165346309636,0.171693497809,0.0674520871311,0.000320181607232,0.000183838479908,0.00318291646163,0.000977270725104,0.00439654648495,0.0559853667244,0.157875007189,0.000103439397519,0.105614254625
23,0.0885346915253,0.00163307588745,0.0129158298903,0.0571720215559,0.0180790776241,0.00166042200174,0.0274671620937,0.0318157438485,0.0751990791456,0.0875454729863,0.109634697953,0.102321221826,0.000409900416353,0.108826240277,0.00154282756799,0.11309014436,0.0843587625411,0.0591448328067,0.000791436414297,0.017857359279
24,0.0820736049576,0.0093039194884,0.00106957364864,0.00508226941447,0.00887292369205,0.000654784387347,0.00066689400529,0.24386746767,0.00175291236912,0.0999492180783,0.201383768501,0.00111443435453,0.000463215537702,0.0583090668936,0.00157393222959,0.00551343377729,0.050541309556,0.217998556337,0.000252672053282,0.00955604304963
25,0.0676975359077,0.0114247724343,0.261439248579,0.398419128609,0.00199138831876,0.0110935682933,0.0189637436651,0.00398277664061,0.00187190502136,0.00417215085686,0.00590240321285,0.0467976254617,0.000851295865752,0.0264776039224,0.00249033927164,0.127301579227,0.00369759015904,0.00309405788407,0.00103135262736,0.0012999340429
26,0.0674548953298,0.00313039185376,0.00166954232225,0.000753065964526,0.1032080707,0.00352732914442,0.0042310066578,0.150835974937,0.00116109079685,0.069619789056,0.142745868313,0.00236041643426,0.00217340053048,0.00163743573738,0.00449603130755,0.00629162500401,0.048151118272,0.13750115041,0.134074987062,0.114976810167
27,0.0525862038205,0.00793878477953,0.0548495576434,0.0538436570464,0.0457068781561,0.051129909424,0.0565882510239,0.0495572378594,0.0566281425159,0.0530864346266,0.0631240061366,0.0282207486518,0.052458902979,0.0561698174427,0.0549272397934,0.0558752558014,0.0557025854304,0.0520147132207,0.0507096846015,0.0488819890468
28,0.0439921933674,0.00291655336076,0.167399157001,0.119227295746,0.00261150568515,0.0709889923453,0.0535317987539,0.00687053845303,0.050373042947,0.00596495813075,0.0100078893404,0.142233398335,0.000386697916931,0.0754729562717,0.0207207992242,0.0704491028651,0.142659898804,0.00497902271527,0.00250574377211,0.00670845496481
29,0.0808269651708,0.00267106309893,0.0770175470478,0.0376085684497,0.0182369135568,0.353572116207,0.0259114152665,0.00185813085298,0.0108319609467,0.0132326444506,0.0176842798353,0.225609436888,0.00871860358125,0.0283289298219,0.015213822168,0.0231604129476,0.0177771594403,0.0072510093401,0.0114445549982,0.0230444659309
30,0.0614661392332,0.00478749218877,0.0633892555476,0.0574363305701,0.0467322625947,0.0543547712519,0.0614162460335,0.0560043190915,0.0291530731753,0.060264647605,0.0701736438522,0.0616878508945,0.000981817616768,0.0619214595273,0.0653900004552,0.05947668839,0.0545578580339,0.0630165917085,0.0210189452231,0.0467706070069
31,0.0758836683615,0.0129708254898,0.00298795631295,0.0637961646668,0.101253700056,0.00126306533011,0.0144531585323,0.0600733048457,0.00659002920637,0.103158762662,0.118447394611,0.00308076901963,0.0204596106309,0.0319740496016,0.0196082600652,0.0096377552304,0.112295024531,0.146004832148,0.070270810282,0.0257908584178
32,0.00567130594514,0.00607639922166,0.0010243738148,0.0148200418635,0.0974384373508,0.00373062649639,0.0463590238165,0.140726773468,0.0378137541648,0.0751279649235,0.145194894144,0.0168788867178,0.000596345500003,0.0208672441522,0.0745244050184,0.00450572155281,0.0389035092739,0.136039855649,0.0100891156993,0.123611321228
33,0.0917124575634,0.00411505029037,0.109133103347,0.0629388295827,0.000602137305935,0.107312008187,0.0158796136232,0.00160095777317,0.0909137728733,0.011934538069,0.00784126340747,0.105148025824,0.000381652471503,0.0941693277526,0.0743387717275,0.1002116782,0.103922877692,0.0137922879666,0.00178930574412,0.00226234059841
34,0.0791259879581,0.00470026608822,0.0192207964984,0.0777997518221,0.0562126300859,0.0719617550421,0.0603699474216,0.00648639938164,0.0693850397791,0.0311126710028,0.0671704747157,0.051623609341,0.000263918416995,0.0778657379063,0.0666410723097,0.0440593706103,0.068719204214,0.0667301924887,0.0365219432758,0.0440292316416
35,0.0857375347696,0.0066426424264,0.000189373577665,0.00123073773929,0.0543947753327,0.00084313953897,0.0934477446052,0.0109507329706,0.00344817723254,0.0558810747196,0.0739609028469,0.122199554043,0.000150045787421,0.058438906783,0.0585448561164,0.0878280118877,0.00810280333154,0.0673140823934,0.118797536554,0.0918973673438
36,0.00710548241295,0.014002203329,0.000507868802681,0.000914525317421,0.00164731804142,0.00146966609388,0.202921457422,0.0021778102918,0.227612286655,0.00181398786669,0.00142767563507,0.331774770819,0.00185391841723,0.0108775286501,0.179947548801,0.00752875822864,0.00125971379369,0.00118533954877,0.00234567396107,0.00162646591281
37,0.073237036643,0.00280839234333,0.0745933763641,0.0588164119699,0.0103191593828,0.0659012120723,0.0702973428132,0.0617924872053,0.0549349760263,0.0471741259601,0.0709887430244,0.0394674508977,0.0310340603013,0.0704651169933,0.0627365546184,0.0714446864082,0.0569850419506,0.0539114069961,0.00560916353871,0.017483254491
38,0.0523472799662,0.0114929496235,0.0602636400029,0.0295917213243,0.0604143332831,0.0577405512906,0.0633341983837,0.0372125392807,0.0605949064173,0.0510360434011,0.0575190369645,0.0520494353007,0.000109905769194,0.0705126643668,0.054661286389,0.0572465177476,0.0579772700523,0.0482382333523,0.052163417922,0.0654940691621
39,0.0466404791796,0.00572628615239,0.173929765199,0.124996070124,0.0135730804948,0.0114652061423,0.0719311806457,0.00976805390667,0.00405945097282,0.00835769317988,0.111427610819,0.0196680399911,0.000504114826533,0.115598895519,0.00491212837965,0.0533748345318,0.134799144098,0.0567971451208,0.0054118034562,0.02705901726
40,0.0166205465638,0.0069725568252,0.00139169984985,0.00602867358794,0.0103027332218,0.00151517784134,0.100776067069,0.0777983030848,0.190220066156,0.131329289704,0.0191101872015,0.0103027332218,0.0415516995845,0.0814144412006,0.133129141593,0.0253720137089,0.0904160744131,0.0215713477138,0.00315328670252,0.0310239607568
41,0.00268965453225,0.00129164200596,0.00557611305473,0.00368928912284,0.850802820101,0.00286941493495,0.00554231843228,0.00266224902359,0.00279658269162,0.00263463710799,0.0455172304917,0.00243862010747,0.00305132646233,0.00372877692552,0.00176711602154,0.00052511199566,0.00501478870974,0.0101686206162,0.00474901676163,0.0424846709008
42,0.0620525179283,0.00440381015635,0.00332389492741,0.00245000705934,0.0063640427265,0.0048401066996,0.0121991260487,0.0159750460126,0.00543595315791,0.00816552851439,0.0136135174924,0.0138544647087,0.76826146849,0.00714865072954,0.00144557203379,0.0433585819137,0.00880424316229,0.0117371445367,0.00154852078385,0.00501780291799
43,0.0100507818224,0.00842844126353,0.000227406079315,0.000908701775534,0.119394537798,0.00500712004453,0.00439393153549,0.214124022133,0.000979213061131,0.256205349013,0.134289043339,0.000279993734831,0.00037567293567,0.00465732153047,0.000430500878103,0.00181464294098,0.0100940830737,0.225432389091,0.000142899513957,0.00276394843611
44,0.129743734828,0.0991644034153,0.00185933256376,0.000667324382799,0.00178550864983,0.127381477937,0.00832210098497,0.00866623009017,0.000538936975095,0.0644847173329,0.0696746281838,0.136812779912,0.000346555578809,0.0301804706049,0.000237377386753,0.106107775649,0.121099607756,0.0922491729988,0.000435409015738,0.000242455754076
45,0.00122931048812,0.012777378705,0.00238222314555,0.00155735363868,0.00551181042525,0.00692939189748,0.00279703812405,0.0354144669192,0.00413385781521,0.00214855285002,0.00493161984934,0.0117125971432,0.00286440541398,0.00700566557619,0.00368009094935,0.880097483601,0.00404463786128,0.00488873619867,0.00181943256615,0.00407394683267
46,0.00494155909768,0.0375000574096,0.00182783298616,0.00365566596673,0.00162815375286,0.00313148013184,0.0367273913459,0.024004461492,0.00303525268245,0.00610466050242,0.0128311454666,0.00203947680572,0.0173335255354,0.0104864851119,0.000808415700687,0.0494563376316,0.771164546188,0.0081701932228,0.00210217319761,0.00305118577237
47,0.163969991399,0.0322104602841,0.000329759344308,0.000325401291194,0.100450749892,0.0115999964652,0.101565878164,0.00782111574157,0.00120433847474,0.00587947602665,0.229014554009,0.00230831541008,0.000851973392723,0.0042732450565,0.0003719340035,0.104605399127,0.00563514525131,0.194988819905,0.0311336425485,0.00145980421365
48,0.000413350559808,0.00261344225199,0.00219706331769,0.00329001866752,0.00429227601124,0.00193761936893,0.00514391808672,0.00354171408934,0.942981376047,0.00382154291647,0.00395203462697,0.00254170069768,0.00210148720505,0.00197001118139,0.00334952805059,0.000704493128017,0.00550198368364,0.00408917147057,0.00225046416109,0.00330680447853
49,0.0918033483467,0.0114967817646,0.000597586730755,0.015964102682,0.00128446803072,0.00105423319659,0.000776032769409,0.147834242568,0.0279371797137,0.00772730502059,0.00798205133483,0.00147037787951,0.303317950991,0.00186247864782,0.000260486524051,0.0137621574917,0.191857740072,0.162884616573,0.0085960552961,0.00153080436714
50,0.149839930449,0.045332763206,0.000351114345466,0.000693868825599,0.076672505225,0.00690784963798,0.00531040941184,0.139948004656,0.000209658206227,0.0801868222684,0.124919326416,0.00154193072276,0.129261047132,0.00511271765377,0.00120896795281,0.0264347631629,0.0412530998323,0.158922830615,0.000740126746283,0.00515226353471
51,0.0419176184949,0.00922125274389,0.00138267390866,0.00132506249487,0.000507470742519,0.00204803934526,0.000429749998354,0.0658745354693,0.000963681814817,0.256173157949,0.262127772927,0.00147913952985,0.000978926032223,0.000667164333131,0.000631817878146,0.00248979713977,0.0156942466868,0.333367446661,0.00204620910446,0.000674236745618
52,0.281354273168,0.199541422484,0.00366328605333,0.0054318968288,0.00123657006127,0.0884994389669,0.000269955436253,0.100071476254,0.000768870210214,0.00520117140887,0.00667892673618,0.000447226172712,0.000690400608593,0.00111806543005,0.000455836415223,0.00890580255729,0.0564717794218,0.235486843042,0.00135751620491,0.0023492425406
53,0.375338349046,0.0179207899459,0.00112468675431,0.000405945218532,0.00723950444978,0.191438705848,0.000393863515891,0.00636815115624,0.000355747691357,0.00776074876379,0.00941990240685,0.000508015897944,0.000476036479122,0.000368629920326,0.000152112806218,0.342046888704,0.0173380573992,0.00733105271524,0.00697876916299,0.00703404211733
54,0.0403942730025,0.0802889007534,0.012701782827,0.0105936459176,0.0634195361053,0.0104197014123,0.0709379096727,0.041489382007,0.061872752257,0.0674563912772,0.0917735359449,0.0607214484911,0.000531373608835,0.0638396087873,0.0397696270201,0.0683411628129,0.053744782165,0.0706493157462,0.00215799078566,0.088896879406
55,0.0122678630591,0.00961442076161,0.00106230099069,0.000823168299978,0.00388560669258,0.000240394282076,0.00219828760169,0.423684411573,0.00170539800458,0.188396946908,0.135119686987,0.00107430439266,0.000375330623701,0.00235725467921,0.00105786858062,0.000940569880727,0.0492027231287,0.165305365368,0.000280046947666,0.000408051238641
56,0.0051511337726,0.0052528008838,0.00199606433761,0.00100430910144,0.0129880898529,0.00173194302637,0.00205779828745,0.0100641899377,0.00281135822016,0.337742374055,0.582029974631,0.00297920050184,0.00153420477628,0.00266141911921,0.000605785838326,0.00388717495093,0.00611820487111,0.0151568110806,0.00291396253325,0.00131320022194
57,0.0564143485747,0.0107389256265,0.0423564040624,0.0580242902162,0.0526344586625,0.0539861729468,0.0707845153133,0.0332278686969,0.0570837744708,0.0575175748915,0.0503624676744,0.06874876543,0.00078554975524,0.0695643737296,0.0591725057652,0.0273355374441,0.0547533130189,0.0519328709188,0.0696852103998,0.0548910724024
58,0.10357312824,0.00323985325268,0.00290513157448,0.00507285556879,0.0424078352984,0.00658352929691,0.103660904869,0.0108466702793,0.13693225921,0.109589731156,0.115790244114,0.0853282452385,0.000274842322959,0.0977048993148,0.0793646592326,0.0439071022237,0.00584630008519,0.00606469346267,0.00415365802286,0.0367534572374
59,0.169482472061,0.173420690848,0.00410127301925,0.0043655111216,0.00667051386132,0.00551060215829,0.0951639245449,0.189972542421,0.00492679692813,0.00463352838623,0.00829076953651,0.00795517767726,0.000544004862978,0.00761772014829,0.00824548678478,0.0749715229327,0.0948818720704,0.105782536206,0.0107409440657,0.022722110366
60,0.0142335818197,0.00325774794256,0.241555587372,0.390025252943,0.00146474650081,0.0103719008665,0.00558153402032,0.00429236081145,0.00614808071051,0.00191497595927,0.00446065999411,0.0110003776033,0.000916184576082,0.266620202648,0.0042750749112,0.0169478618099,0.00980551558235,0.00564029767578,0.000921000265044,0.000567055988406
61,0.0311441616718,0.029277642189,0.0553561472417,0.0465354741005,0.0380019773557,0.0584373648534,0.0640421081747,0.0573125014282,0.0660262896611,0.0573730276578,0.057758757855,0.0628001982644,0.000388967011227,0.0655278392956,0.0604330482738,0.0605152587862,0.0568677843483,0.0562689941434,0.0330181367451,0.0429143209432
62,0.0798671349818,0.00601553592234,0.0851625111029,0.0799260702804,0.0286935223546,0.0520352030876,0.0912170617016,0.00236697922189,0.0902377596721,0.0439468404052,0.0717995493776,0.0814180983591,0.00018457919202,0.0920871367148,0.082546169243,0.0700072270105,0.00753421637548,0.00256993195532,0.00272902481402,0.0296554482276
63,0.0461295401192,0.0418794027024,0.0604820838594,0.0446862870547,0.0872487557055,0.0504769078813,0.0518292276374,0.0454611936949,0.048945378128,0.0409839549986,0.0486312666111,0.0563058830582,0.005116566217,0.0225234559421,0.0510808793535,0.0550692742485,0.0668568953064,0.0531464501899,0.0537208495439,0.0694257477479
64,0.0170038784079,0.0043942607185,0.172095147447,0.0889010689693,0.0890814297343,0.00253624645921,0.00266465390172,0.135559973958,0.000783431898985,0.160432662401,0.138842351581,0.0044088305435,0.000643944901139,0.0201644779941,0.00107284894812,0.0053521494111,0.0324582841388,0.116215138129,0.0038161463333,0.00357307412342
65,0.0536604782784,0.0347648710022,0.0628065065031,0.0647534066251,0.0486624724935,0.0434589797203,0.0545255201484,0.0505035992579,0.0650363232911,0.0523955283685,0.0500525357202,0.052151479942,0.000764688252212,0.0259788929636,0.0584181191599,0.0566486790403,0.0548414401868,0.0546050901252,0.0583273130348,0.0576440758865
66,0.0149220637406,0.00528140458059,0.00600341306152,0.00952793934539,0.074968039341,0.0083166547849,0.017477211617,0.222287294386,0.00333522947942,0.18537964114,0.340746912801,0.00556324033081,0.0239818881306,0.0112282413912,0.00787501093982,0.0100819042556,0.0105878543598,0.0154638399023,0.0130492541246,0.0139229622872
67,0.0583387414474,0.0080069922614,0.0591146825547,0.0669451891187,0.050524996345,0.0297317562116,0.062654343791,0.0474978122823,0.0512876116927,0.0487730762709,0.0557494794721,0.0629469067938,0.0195812269849,0.0647821248542,0.0479457342377,0.0556642511348,0.0591560990942,0.0479486802186,0.0551408260376,0.0482094691964
68,0.0254885051279,0.00608692969111,0.0111593711062,0.00898864412479,0.00323236956057,0.00530358256615,0.228488123171,0.00589551681432,0.264172748891,0.00689496694276,0.00953275091535,0.123258644766,0.0012192129315,0.0201769436142,0.151752907153,0.0128715850697,0.100700314598,0.00412945891278,0.00568113438331,0.00496628966058
69,0.0288873865211,0.00369844957139,0.00212105699904,0.0386178653054,0.0501099715814,0.00163707921454,0.0575843291123,0.082392608475,0.0956485072272,0.0740663352235,0.0830651780743,0.0522886660348,0.0143659986883,0.0702213283263,0.0393186120479,0.0411400315526,0.0817334758589,0.0787933396561,0.041396093809,0.0629136867212
70,0.00580757406403,0.00210017488218,0.00220138812828,0.003299024707,0.0114197009228,0.00115747194701,0.00200785950136,0.155646293995,0.00157513116021,0.292444324291,0.187829380912,0.0018456082297,0.000797883033328,0.00418431789808,0.00132162904087,0.00235003491682,0.00528515084409,0.301470940674,0.000645636801094,0.0166104740505
71,0.0507801840201,0.00802290831879,0.0358746629408,0.0564239217259,0.0528047607644,0.0370091010618,0.0349664436624,0.0559179969882,0.0631876154394,0.0634645111814,0.0550125871232,0.0514953294974,0.0236806971866,0.0584235424415,0.0640085131868,0.056102130021,0.0599009573402,0.0538828077879,0.0609890472992,0.0580522820132
72,0.00168363368404,0.000856330924683,0.00217520556156,0.00121139496706,0.26714484673,0.00209861381753,0.00489676557092,0.182817542619,0.00111195209644,0.0643315431262,0.0101591987087,0.00125211412548,0.00402706976119,0.00183952569259,0.000266074252041,0.000679338515675,0.000691422649505,0.04074905119,0.274575240698,0.13743313531
73,0.0562968059903,0.0209908704733,0.0602937252747,0.0644443451203,0.0510844170477,0.0604406646859,0.0602600108832,0.0535321976489,0.0562847096099,0.054702083835,0.0626493693756,0.0561279305238,0.00236022079134,0.0617914901616,0.0556081285892,0.0294570281728,0.0576046625388,0.0575222172196,0.0309592600221,0.0475898620361
74,0.0552472040427,0.00167630457417,0.0613910510882,0.0565599750335,0.0554390675471,0.0547426667688,0.0563001283696,0.0501071141745,0.0606758597887,0.0543779904475,0.0469614942471,0.0476642611204,0.0536666542813,0.0268533956969,0.0565352612104,0.0560661538058,0.0511768166618,0.057202791523,0.0485884087221,0.0487674008965
75,0.0535643744386,0.00142926176989,0.0570500966219,0.0511675996801,0.0541908321794,0.0493339685124,0.0569399372616,0.0530625151141,0.0546995613076,0.0563841849928,0.0506146768331,0.026160467913,0.048787755793,0.0533406588021,0.0552609121603,0.05393463727,0.0534062130947,0.0582281262931,0.0553327389664,0.0571114809959
76,0.0930037203766,0.00205661525913,0.0677520235914,0.113729822345,0.00765494584712,0.00324763311976,0.0969051023855,0.0320688945622,0.0453138164072,0.043933627428,0.0978436825128,0.0757630695324,0.00157325394975,0.0918837906728,0.0141331372903,0.0845828987351,0.0531848544122,0.0641127898865,0.0028537153595,0.00840260632669
77,0.00328654449857,0.00607318165969,0.000680008757548,0.000964613060563,0.0576974969456,0.00139206710746,0.00449886588673,0.241892238103,0.00433383572072,0.126013496518,0.254699895536,0.00155630870218,0.000533811683389,0.0068903791942,0.00300343135134,0.00433383572072,0.00455027136862,0.23780100507,0.0328178139687,0.00698089914759
78,0.041938243145,0.0517454731348,0.091270148527,0.028275204932,0.00330298359953,0.0113383416798,0.0119674488867,0.121644276099,0.0828692223227,0.106377213322,0.083734081206,0.0286849905585,0.000370928339419,0.0851331036031,0.0447985592743,0.0285742552741,0.104146816512,0.0700464339935,0.00141073723828,0.00237153835152
79,0.0699741918538,0.0017415342077,0.0608143745283,0.0285142735554,0.0478358469184,0.0348487239642,0.0546994424259,0.0508317804157,0.0510850034929,0.0558227622178,0.0561103773511,0.0549915037154,0.0613977031011,0.0609738763076,0.0467878531787,0.0627423707094,0.0635442294041,0.0616971683895,0.0140833288533,0.0615036554098
80,0.00826675270289,0.00691044556109,0.00434774835105,0.00239657369443,0.21292462059,0.0122030743144,0.0793048021623,0.00369201892951,0.000685471615703,0.0051859191899,0.0139915194022,0.0228140092895,0.0404522584275,0.00408646539943,0.00383369434331,0.0131128984538,0.00985603899405,0.00991648937857,0.358952871632,0.187066327569
81,0.339212054078,0.0135063983915,0.00266046163591,0.00247502405216,0.00557673688673,0.0212700787946,0.0128884585968,0.0138090627703,0.00159921131437,0.0018460031839,0.00266395305774,0.0966634393889,0.00314636873383,0.0004347680934,0.00511393715557,0.445185493292,0.0186761914714,0.00378013450094,0.00186090044073,0.00763132416047
82,0.0176370095908,0.00152758218564,0.0166785073653,0.0285489761688,0.0142574337122,0.023331637061,0.0301350303414,0.0451133886632,0.0237908134218,0.0364866760751,0.0281449812112,0.016424948975,0.54701114439,0.026615610791,0.0227835999337,0.0218828949282,0.0209359158522,0.0471146667985,0.00800689211902,0.0235722904166
83,0.0812231723346,0.0550529438173,0.0232970049915,0.122505199172,0.0142465863499,0.00392016637061,0.0163767323295,0.130286836093,0.0110531006751,0.11052515248,0.103162273057,0.00474091328417,0.000518114094461,0.0771892243262,0.0083645086137,0.0385376307078,0.0769496772714,0.0538609657298,0.0350304962544,0.0331593020467
84,0.228966681372,0.200529457799,0.000472620846326,0.000537069143739,0.000235637173975,0.00256002958076,0.000506379477767,0.00527927540538,0.000411485811226,0.0893013662911,0.00624216211535,0.000814863527329,0.000908242326998,0.000439939617163,0.00010882716846,0.221579934956,0.12740833048,0.112624541913,0.000411485811226,0.000661669183824
85,0.0682766255003,0.00522528499402,0.0583640309956,0.0309334773017,0.0419626723912,0.0589288815523,0.0566738507892,0.0576120328209,0.0576457044038,0.0519052303133,0.0587447439826,0.0612617771891,0.00645748536279,0.0602135907403,0.0597181556535,0.069620410622,0.0606107118171,0.0619340684031,0.0252119186668,0.0486993465005
86,0.0592654403083,0.0144371029134,0.0491722500371,0.051913591131,0.0419176624702,0.056792089072,0.0559645996478,0.0501573278578,0.0303229502678,0.0603079794687,0.062068126317,0.0697359043517,0.0116967113967,0.0651369521285,0.0562029059665,0.0567966173775,0.0580004469594,0.0524643277371,0.0457073983726,0.0519396162188
87,0.0713445976421,0.0226078309997,0.00138050692028,0.0110440553624,0.104191943501,0.0620448097251,0.049586316189,0.00276101384269,0.082259171117,0.0460512383355,0.0758358468832,0.0928518728546,0.000648642910966,0.0649829776992,0.0923419699136,0.0637889405327,0.00283180906746,0.00253470123266,0.0390369086186,0.111874846653
88,0.0678917525738,0.0602755712208,0.00510888849252,0.0139084513198,0.0676632414033,0.00462323816723,0.0720522945587,0.0888089515192,0.0448304966109,0.0425101331375,0.078373396216,0.00233922173626,0.0113715227565,0.0660248707641,0.0225606130522,0.0500774668115,0.0697019751328,0.0853805412922,0.0657724421742,0.0807249310605
89,0.055681863886,0.0301634325034,0.0504542124243,0.053160433082,0.0484733164532,0.0544075825108,0.0538444200187,0.0587681391547,0.057573696403,0.0523921235241,0.051791316944,0.0483297544206,0.051555012602,0.045998159237,0.0479065277367,0.0498556189529,0.0255161343214,0.0495657318873,0.0542599645082,0.0603025594297
90,0.0562274781321,0.038268878083,0.0342278928424,0.0659748531672,0.0370017719642,0.0571740537126,0.0562866244305,0.0509063733517,0.0633617040028,0.0419434198142,0.0430884739732,0.0598565725877,0.0155203024524,0.0612254307581,0.0559688086119,0.0635239658104,0.0671225041371,0.04380201901,0.0321077618699,0.0564111112888
91,0.0243769776939,0.0161740902434,0.0149651178734,0.0113685287634,0.0476520857832,0.71835247641,0.0264292218773,0.00384617515309,0.0128606481573,0.0055682019097,0.00279959688054,0.0195971781632,0.0080550678867,0.00635584156671,0.00639038417814,0.0265510155414,0.011817892902,0.00266657067611,0.020322999568,0.013849928773
92,0.0157136247142,0.00979698111191,0.00342708588882,0.00152235515001,0.0045910018498,0.000808382385501,0.00267388019652,0.178515493462,0.00531853765964,0.407140531969,0.246656291234,0.00194011772649,0.00155643772875,0.0846106896135,0.00873902308844,0.00715071962133,0.0048942703217,0.012688901928,0.000385157258464,0.00187051709113
93,0.0209169519925,0.0081224999742,0.0624223356576,0.236542468471,0.00326154438955,0.00143613164401,0.000963638115493,0.00674546680823,0.00818067251706,0.0508520748586,0.0348498300577,0.0943122766525,0.00714712333547,0.107387831735,0.00385872857939,0.226728094268,0.115811321682,0.0072855117279,0.00187374077906,0.00130175675401
94,0.00286975312613,0.00471756518395,0.00037850232334,0.0018083999887,0.00438802937923,0.000553121491969,0.00140792386549,0.326406261765,0.000538927148353,0.266630987813,0.226885400821,0.00196091565012,0.00310290213802,0.000675336095578,0.000746587151584,0.000997279405486,0.0165246007245,0.136726480592,0.000287554768356,0.00239347056925
95,0.0599479968665,0.0574186839229,0.0546070077982,0.0595938198736,0.0528882958976,0.0592521218034,0.0537066630119,0.0261228103773,0.0537879270183,0.0522832747798,0.0512540343872,0.0638066979257,0.000785755151415,0.0650788933013,0.0282829871541,0.060864289261,0.0539559546453,0.0374715732099,0.0605283180434,0.048362895571
96,0.107309663756,0.00204500645439,0.217983387371,0.102115115614,0.000479345492712,0.136585916784,0.0374019918331,0.000280186148946,0.00501010825668,0.000483452035446,0.00411589906615,0.0883391501822,0.000167761854392,0.182188590547,0.00220353670484,0.109535062667,0.0024669743219,0.000244294535209,0.000220594319131,0.000823962054947
97,0.017105512833,0.013449385319,0.00239602495015,0.00193525092233,0.00657118782886,0.00342580588524,0.00254767210023,0.0125791309765,0.00178427389734,0.451680459324,0.452650618485,0.00120374459229,0.00191560370396,0.00175318898791,0.00126317633306,0.00563244670566,0.00526064518751,0.0151301435716,0.000597583419548,0.00111814497684
98,0.099721257388,0.644031911853,0.00232869415925,0.00115688331589,0.00156254369893,0.016788260208,0.000863510991281,0.0173532497361,0.0016788260208,0.0186960170695,0.158310348484,0.00112796123378,0.00148691078967,0.012031586477,0.00138825997892,0.00819448593025,0.00346509690729,0.00454737127297,0.0040555909466,0.00121123353895
99,0.0571040222452,0.0184072255028,0.0691402511535,0.0592445817454,0.0544764454971,0.0629118549918,0.0570146449013,0.0447147927115,0.0542926588635,0.0560907856092,0.0468040347148,0.0632343155048,0.00035989737066,0.0593257111352,0.0533147165733,0.0301016639557,0.0562066852447,0.0537735595707,0.0478564151087,0.0556257376
100,0.361731553455,0.0761168159744,0.00316928627679,0.00231732759942,0.0017036479583,0.0212365313999,0.0040747966376,0.0126771450976,0.00497334154067,0.00202463799697,0.00136399662623,0.00598642963477,0.000743998159377,0.00431022933276,0.00140550956705,0.45605594468,0.0147084977406,0.0208696875036,0.00255345339789,0.00197716942145
101,0.186202699945,0.0903110940882,0.00103546366447,0.0013827228209,0.00123916143422,0.0222916727404,0.000315830839456,0.00177161361673,0.000708645446157,0.0017533495557,0.00924320147795,0.00234586078652,0.00164993119076,0.000985941489619,0.000574092513748,0.277584105436,0.345726040726,0.0535050469694,0.000627582683179,0.000745942575398
102,0.00141280935469,0.0401287220091,0.00130714009054,0.000479395286716,0.000550675635745,0.000508658195045,0.00228947567614,0.174526730617,0.000466374674408,0.249041586805,0.238114076866,0.000476974098509,0.000749106062555,0.000268297930545,0.000459193864746,0.000819189716497,0.00885936881784,0.278281653282,0.000444079332829,0.000816491684122
103,0.111533506931,0.0789041191398,0.0123357493358,0.147554456873,0.000294026528186,0.108882632859,0.00373964990617,0.0477973407465,0.00850364363689,0.0291607923178,0.0864942039246,0.00636608845712,0.000330714142957,0.0848397329603,0.00578744577383,0.117672098602,0.0740520812903,0.0747832563142,0.000814446364161,0.00015401389592
104,0.0339718488202,0.0394889817897,0.0138462739442,0.0752070603818,0.0600125711322,0.00282679245028,0.0231126139185,0.0656010629999,0.0413635525728,0.0875057422035,0.0423255509565,0.0245838956453,9.27567551832e-05,0.0686144381936,0.0673187107069,0.0362760136583,0.0861916897094,0.0887388417267,0.0781694832029,0.0647521192322
105,0.00315868404425,0.0112413727474,0.0050048275375,0.00120443279609,0.00353080298943,0.00500669710915,0.00121008741041,0.00161597879869,0.00601747746597,0.00164695602612,0.00201366107772,0.00424860359859,0.00197811679191,0.00293730619075,0.0050222416875,0.917351967924,0.0119230653309,0.00555150869831,0.00663018953512,0.00270602224003
106,0.00474224901034,0.00792555179604,0.919364008572,0.0162113559482,0.00241429624309,0.00505515400134,0.00184167469809,0.00248745673436,0.00304022489952,0.00185156553642,0.00576524252767,0.00234531634669,0.00287712270019,0.0019153416847,0.00247460165801,0.00201614914313,0.00567041946349,0.00774165052763,0.00148476099691,0.00277585751238
107,0.0040101141634,0.0290213564694,0.0278893891804,0.00220052713191,0.00308774231628,0.00965866293963,0.00113017364522,0.0018655109848,0.0058398604686,0.00443996789382,0.00344402027643,0.854210713426,0.00289571853959,0.00138911557802,0.00319801883084,0.0321730336848,0.0031736064686,0.00354902089816,0.00242516427853,0.00439828282588
108,0.207649188283,0.145884100442,0.00477511274069,0.00399839708127,0.00902618282223,0.215438681133,0.00123497891751,0.000677580714931,0.00135698288069,0.0101219062556,0.00457018432857,0.00287633978076,0.00120053796863,0.000350553911017,0.00187613521732,0.250454034349,0.124956535065,0.00738147480555,0.00228803459537,0.00388305870854
109,0.70171037422,0.00257185872082,0.00349159627852,0.00399417452992,0.00277490019812,0.0125959633679,0.00775339760799,0.003101359048,0.0026230399911,0.000941483995906,0.00301274879162,0.00331591847855,0.00652513660181,0.00675937227339,0.00155372604531,0.207389831589,0.0104402185712,0.0115032226526,0.00515209482807,0.00278958221117
110,0.174860850635,0.00693892265137,0.00552046884684,0.00191418555859,0.000567730034745,0.298357974684,0.00217849896735,0.000975785996826,0.00156125759616,0.00038990824458,0.000999204861579,0.00108609223921,0.00115495938287,0.000640515935957,0.000434890694887,0.240827057528,0.257747178233,0.00305131777817,0.000299521840977,0.000493678290348
111,0.00312013750436,0.00108866717329,0.0257462444737,0.00610485236522,0.00269455552828,0.00283009654907,0.012880567646,0.0138805064348,0.00318225788888,0.00124694857079,0.00788724104708,0.872646640569,0.00206089082025,0.00581222308136,0.00610838731755,0.0102053103114,0.0104550890876,0.00180946567788,0.00310727095688,0.00713264699652
112,0.00795752211374,0.00556861582428,0.000568890994779,0.00619159380715,0.0117527707856,0.000737992538996,0.00268402377936,0.275655156649,0.0073253215009,0.153762476638,0.212604030825,0.0012768442327,0.000781741367518,0.021513950804,0.00226390821393,0.00250137218477,0.0101343227253,0.275717616945,0.000715987420705,0.000285860649537
113,0.00686488399885,0.00371352386306,0.00133982253175,0.000990793130994,0.00284965275395,0.00145142859181,0.000450016727361,0.423211039738,0.00396317253011,0.303407278089,0.124839934471,0.00113917277968,0.000595476679559,0.00264953669097,0.000700422074792,0.00110500827176,0.00358959478875,0.114240078283,0.00223303754975,0.000666126455254
114,0.00779642627129,0.0025773309987,0.000382177758771,0.000584731971165,0.0547723618004,0.00201542614554,0.00060468663007,0.238099493331,0.000475391845862,0.158122883907,0.239311154121,0.00280671345917,0.00084637100766,0.00545591696726,0.000638179504167,0.00827450901086,0.0450704468856,0.0897846510799,0.00108427120469,0.1412968761
115,0.052028561483,0.0385534001948,0.056958960053,0.0551048959172,0.0427231257478,0.0505576743748,0.0597246489083,0.0493896878569,0.0731077642037,0.053360248622,0.059068334069,0.0667272894237,0.00183179164755,0.0537521839631,0.0551755875351,0.0507522953227,0.0264492433102,0.046806102617,0.0552378318189,0.0526903729311
116,0.0703979934386,0.0573382808558,0.0577636745688,0.0888743352916,0.00399330868388,0.0591115652686,0.0411525171501,0.0710943627138,0.00755225230799,0.0760385062262,0.0661786964733,0.0621237713486,0.000443852709706,0.0831946972341,0.0564630677563,0.0816397636179,0.0353425678086,0.0747646210806,0.0020038405305,0.00452832493495
117,0.00887698581364,0.0108761417167,0.000219308110846,0.00167112780719,0.149758761164,0.00197919359042,0.00155695137307,0.104814118972,0.000439770475188,0.225410903017,0.175854064602,0.00244953587205,0.00039339166752,0.00648282338177,0.00123135732956,0.00408973295295,0.00971831594161,0.221022800212,0.00253750425889,0.0706172117419
118,0.0190632073904,0.016711481312,0.108051997441,0.0387081558191,0.0117447823128,0.418982121982,0.021354149684,0.00623192530967,0.033399224702,0.0121417232775,0.0210596096772,0.177111317467,0.0030512502684,0.0279723060074,0.0184378740357,0.0294054549905,0.0137628998506,0.00604681861856,0.00256070725916,0.0142029925952
119,0.0187056046127,0.0141331234765,0.0438054720085,0.0324654865778,0.0067182101118,0.671619692558,0.0154867830421,0.00808462572632,0.00542037406037,0.003688089573,0.00596241147796,0.05299921307,0.00202205832908,0.0113569742282,0.00564011896196,0.0520177461879,0.0212943266748,0.00703529377729,0.0176664043453,0.00387799120025
120,0.0575613539001,0.0340998462955,0.00134861297722,0.00923887462098,0.00677517472046,0.0197681514841,0.212546909917,0.012151914814,0.00554332476769,0.0229984698088,0.00457120222492,0.00921892025796,0.403398629819,0.0612892729358,0.0135101406832,0.0197609262542,0.0769297454504,0.0221732991051,0.0016076685776,0.00550756138633
121,0.0517160599199,0.0427600857017,0.0482748502179,0.0521487406431,0.0476295114635,0.0536676009609,0.0630937035612,0.0599710518288,0.0298591799624,0.0501652147768,0.0451645935222,0.0644482557528,0.0470253570784,0.0552557013846,0.0518599766594,0.054008329051,0.0566549075203,0.0472755436729,0.0343444893108,0.0446768470116
