site,A,C,D,E,F,G,H,I,K,L,M,N,P,Q,R,S,T,V,W,Y
1,0.0168408,0.0973581,0.0139947,0.0232411,0.0373515,0.0235764,0.0691057,0.0574254,0.0586272,0.0567177,0.0590053,0.076255,0.0319696,0.0485547,0.0227157,0.0564,0.0722192,0.0612224,0.0233673,0.094052
2,0.0997188,0.0308736,0.0645482,0.0491923,0.0311268,0.0160718,0.0369232,0.101054,0.033411,0.0574664,0.0338298,0.0675188,0.0435098,0.0344295,0.0775359,0.0266677,0.051014,0.0699532,0.016561,0.0585941
3,0.0940798,0.0180865,0.0250025,0.0384132,0.0174904,0.0236434,0.0300518,0.0262088,0.0819745,0.0528495,0.0988755,0.0895592,0.0288089,0.0551703,0.0485331,0.0754252,0.0759482,0.0564533,0.0271749,0.0362507
4,0.0950324,0.190554,0.00791611,0.026333,0.0881428,0.0339342,0.0623215,0.0308883,0.0247196,0.114768,0.0515762,0.0100189,0.0140171,0.0311765,0.0213789,0.00576419,0.0345075,0.0495857,0.0728982,0.0344671
5,0.0617518,0.0526129,0.0423962,0.0232942,0.163513,0.0117138,0.0221077,0.045438,0.0148857,0.175065,0.0625393,0.0162817,0.0239213,0.0195267,0.0327371,0.0110008,0.0171043,0.089786,0.0312622,0.0830612
6,0.038904,0.127885,0.0170227,0.0379039,0.129999,0.0093602,0.0121552,0.0406735,0.027705,0.118053,0.0899422,0.0205717,0.00477191,0.0192639,0.0213637,0.0177868,0.0331936,0.0952853,0.116196,0.0219628
7,0.0409889,0.0393913,0.0113553,0.0165174,0.111268,0.010495,0.0328555,0.13281,0.0212585,0.223151,0.0881152,0.0244279,0.0178985,0.032229,0.0141574,0.00547831,0.00810767,0.0987988,0.0512325,0.0194643
8,0.016551,0.131315,0.0161808,0.0228743,0.0548444,0.0121877,0.0237813,0.0662994,0.0124737,0.207804,0.0324169,0.0256448,0.0277907,0.0145616,0.0230544,0.0171934,0.035205,0.171796,0.023042,0.0649837
9,0.0333972,0.0535677,0.0173231,0.0146549,0.0826018,0.0251872,0.047642,0.111172,0.00945081,0.116545,0.101312,0.00999426,0.00836178,0.0124406,0.0107777,0.0792077,0.0729861,0.0447245,0.0227351,0.125918
10,0.0735974,0.0601548,0.00695665,0.0493802,0.13565,0.034674,0.0741658,0.041205,0.00547004,0.0919214,0.0588612,0.0168155,0.00902669,0.0689964,0.0114173,0.0693108,0.029989,0.0675766,0.0552243,0.0396064
11,0.103273,0.0765044,0.00846335,0.0137663,0.152945,0.00517259,0.0337687,0.134052,0.0118509,0.0679445,0.0192575,0.0251503,0.0174621,0.0142407,0.0229573,0.0483409,0.0420956,0.128067,0.0568362,0.0178516
12,0.0715351,0.0471202,0.0160192,0.0250822,0.0218038,0.0116175,0.0598395,0.0537298,0.0266853,0.0294878,0.0667658,0.0348204,0.0178771,0.0233425,0.047646,0.124381,0.0913354,0.18117,0.0344996,0.0152412
13,0.131946,0.0310921,0.0499146,0.0417515,0.0417375,0.0599801,0.034216,0.0256658,0.0337042,0.0641586,0.0416077,0.0401047,0.0197127,0.102337,0.0611732,0.0496413,0.0406196,0.0523511,0.0478587,0.0304281
14,0.0598719,0.0253165,0.0271799,0.0205324,0.0197536,0.0429255,0.0202822,0.106327,0.0404139,0.00709884,0.0298153,0.0246304,0.0197876,0.0167117,0.0164347,0.0880551,0.26376,0.121333,0.0290909,0.0206799
15,0.117743,0.0237101,0.205896,0.0411231,0.0174684,0.0505738,0.0725725,0.0321352,0.044906,0.0104301,0.0507593,0.0494154,0.00906069,0.0237697,0.097299,0.0315647,0.0321602,0.0122233,0.0249164,0.0522733
16,0.326933,0.0388733,0.0391658,0.0568169,0.0230711,0.0782125,0.0255068,0.0330947,0.0220071,0.0133628,0.0481563,0.0256891,0.0249024,0.0260322,0.016309,0.0531521,0.0309957,0.0499644,0.0433465,0.0244091
17,0.0420793,0.0173321,0.355783,0.0446409,0.0176166,0.0441385,0.0219059,0.0177082,0.0303828,0.00901621,0.0330296,0.0536678,0.023719,0.0224841,0.00896607,0.0131467,0.0384926,0.0323818,0.028004,0.145505
18,0.0103502,0.0109247,0.0221319,0.0436619,0.0259539,0.00351484,0.0769035,0.0191639,0.0783243,0.073119,0.0672091,0.0367847,0.00538866,0.0654936,0.108647,0.11225,0.0991269,0.066094,0.0212571,0.0537002
19,0.0118583,0.0248024,0.0323532,0.0169145,0.0228914,0.0100819,0.0193063,0.378483,0.0412946,0.0727242,0.0516789,0.0154712,0.0439893,0.0167612,0.0199257,0.0108895,0.0684502,0.0920804,0.0279543,0.0220897
20,0.0192371,0.526143,0.0410384,0.0189802,0.0525325,0.017682,0.0160613,0.0182112,0.0241511,0.0104915,0.0288177,0.0204721,0.0183597,0.0200982,0.0327395,0.0158096,0.0149616,0.020992,0.0465521,0.0366691
21,0.0297146,0.0335654,0.0215876,0.0313659,0.0186129,0.0129947,0.030878,0.489837,0.0463062,0.0149051,0.0420945,0.0143007,0.0132182,0.0274305,0.0133268,0.028107,0.0330247,0.0474606,0.034478,0.0167917
22,0.0196223,0.0450537,0.0461967,0.0266233,0.0187687,0.492292,0.0203962,0.0173209,0.0308805,0.0200412,0.033553,0.0228914,0.00988426,0.0264431,0.0228937,0.0281978,0.0126178,0.0497312,0.0350555,0.0215363
23,0.0222283,0.0352621,0.0184532,0.0164668,0.122941,0.0056254,0.0416956,0.0167855,0.0326257,0.00525642,0.0507955,0.0178764,0.00536713,0.037235,0.0133723,0.0478739,0.123474,0.0315309,0.0546465,0.300488
24,0.0501893,0.0398982,0.0292129,0.0213365,0.0111017,0.0141361,0.261473,0.0237214,0.0111838,0.0998068,0.039436,0.051341,0.0157855,0.120211,0.0197592,0.0179624,0.0388398,0.0797598,0.0186933,0.0361522
25,0.399139,0.0174327,0.0157955,0.051495,0.0217318,0.0250888,0.0181144,0.0229389,0.0162338,0.00800462,0.0339061,0.096682,0.00663964,0.0165842,0.0101567,0.134382,0.0313732,0.0256834,0.0301942,0.0184237
26,0.0146707,0.0168,0.0689577,0.0210619,0.0215635,0.0111279,0.0608844,0.017282,0.0365185,0.00786701,0.0304355,0.508253,0.00744993,0.0175064,0.0127557,0.0689699,0.015988,0.00982636,0.0230947,0.0289867
27,0.00990583,0.0148218,0.0318685,0.0428204,0.0258614,0.0150975,0.0141912,0.0206213,0.0297055,0.00663038,0.0360943,0.490415,0.00827967,0.0231388,0.0149905,0.0332425,0.0164299,0.0208204,0.125366,0.0196997
28,0.0879294,0.0476507,0.00970155,0.0147909,0.0165504,0.029762,0.0210159,0.0109723,0.0341013,0.0118637,0.0360455,0.134088,0.0257407,0.0189908,0.0155805,0.364101,0.0276087,0.0228849,0.0497203,0.0209028
29,0.026613,0.0246148,0.021861,0.0219084,0.0241589,0.0209911,0.0242168,0.026307,0.0172177,0.0108159,0.0316218,0.0680051,0.0425498,0.0163704,0.00881239,0.101619,0.435237,0.0178212,0.0387478,0.0205108
30,0.0400287,0.0153812,0.32396,0.0927494,0.0226586,0.0158394,0.024243,0.0273114,0.0141884,0.0169845,0.0299768,0.0306632,0.00807692,0.0472803,0.0105356,0.0103329,0.147077,0.0454758,0.026158,0.0510795
31,0.0251089,0.0295778,0.0219159,0.0736051,0.0180951,0.00706192,0.0121055,0.0570961,0.0142891,0.069661,0.0920203,0.0410066,0.0174523,0.0416237,0.107256,0.0291014,0.23855,0.0644647,0.0278543,0.0121544
32,0.0428323,0.0386711,0.0319203,0.0299509,0.0432914,0.0240462,0.0228088,0.0634786,0.0163634,0.0159786,0.0320991,0.0190183,0.0115989,0.0252167,0.00820344,0.0167275,0.0178371,0.484335,0.0313414,0.0242808
33,0.0273613,0.0255439,0.454471,0.0441363,0.0235147,0.0437737,0.0316699,0.0194974,0.0186004,0.0149298,0.038786,0.050955,0.0179593,0.0252206,0.0119029,0.0178043,0.0328447,0.0204895,0.0317208,0.0488192
34,0.034073,0.0323202,0.0281583,0.0242229,0.0205493,0.0121335,0.03703,0.0442594,0.0646427,0.0165134,0.0345674,0.0383907,0.022442,0.0235727,0.0212842,0.0228053,0.452718,0.0171218,0.0261986,0.0269963
35,0.0461385,0.0206906,0.0206242,0.0182875,0.0278383,0.0110037,0.0205916,0.328069,0.0318296,0.123562,0.0557968,0.0130411,0.0415304,0.0213625,0.0148042,0.0169751,0.0713528,0.0583397,0.025608,0.0325547
36,0.0141908,0.0255773,0.0405937,0.0220332,0.034409,0.0109409,0.00918273,0.0379665,0.0329026,0.0640533,0.0324754,0.0210348,0.0118702,0.0965974,0.167173,0.203549,0.111959,0.00816143,0.0216863,0.0336439
37,0.156961,0.0166482,0.0486781,0.17478,0.0352064,0.024456,0.0169282,0.0103538,0.0372707,0.0101079,0.0318573,0.0330045,0.00716052,0.239419,0.0113864,0.0420638,0.0242967,0.0230431,0.0359277,0.0204506
38,0.0412842,0.0297166,0.0256131,0.0476534,0.0211568,0.0138578,0.0197767,0.0204464,0.266555,0.0089595,0.0596915,0.0468755,0.0256379,0.0186876,0.192225,0.0166453,0.0675761,0.0213852,0.0331756,0.0230799
39,0.0362708,0.0215125,0.0469743,0.0765608,0.0287429,0.0531503,0.0444342,0.0173572,0.0425349,0.0105961,0.0352581,0.338191,0.00900273,0.0541174,0.0125039,0.0420156,0.038286,0.015032,0.0286757,0.0487827
40,0.0504079,0.0295888,0.0233697,0.0481841,0.027357,0.0524723,0.0232378,0.08291,0.0201358,0.0525458,0.048716,0.0372267,0.0240939,0.0197045,0.0177883,0.0126203,0.0150079,0.358271,0.0316546,0.0247081
41,0.0875624,0.0477048,0.0298761,0.0542528,0.0462922,0.0292766,0.0445558,0.0948365,0.108905,0.0277957,0.0466834,0.0144551,0.0947183,0.0342331,0.0307982,0.0499945,0.0424618,0.0405672,0.0376214,0.037409
42,0.0479141,0.0438316,0.0413291,0.046364,0.0454138,0.031345,0.040535,0.0478859,0.0466896,0.0230699,0.0518768,0.0466733,0.0476197,0.0503403,0.025692,0.0372029,0.0328646,0.200858,0.0453907,0.0471037
43,0.0415238,0.0204243,0.0272065,0.0347487,0.0461703,0.0219374,0.0289534,0.0577875,0.0377488,0.0131386,0.0369091,0.0212384,0.0130728,0.0311024,0.0165655,0.0442079,0.417663,0.0183524,0.0444881,0.0267603
44,0.0555887,0.0253429,0.0729509,0.0275719,0.036823,0.028837,0.337555,0.0164639,0.0172111,0.0189184,0.0300757,0.0389837,0.0297651,0.055393,0.0250863,0.0852067,0.0175564,0.0138397,0.0287993,0.0380304
45,0.0487982,0.0360258,0.0324429,0.0228363,0.0469783,0.0196227,0.0378263,0.0337373,0.0255308,0.0403142,0.0626213,0.0292316,0.0331013,0.0354402,0.0230447,0.304498,0.0495866,0.0225806,0.048525,0.0472573
46,0.0448116,0.0267073,0.0252023,0.0164517,0.0752536,0.00811881,0.0235133,0.0507318,0.101979,0.0414583,0.0440523,0.0116221,0.0051407,0.072881,0.0386683,0.0249203,0.0573129,0.185764,0.019303,0.126108
47,0.0141355,0.0201005,0.0528475,0.0277457,0.023776,0.0260065,0.0140925,0.0169219,0.0226133,0.0101235,0.0269816,0.343412,0.0357402,0.0240047,0.0149605,0.144534,0.0948963,0.0212738,0.0518197,0.0140145
48,0.0106172,0.024852,0.028103,0.025343,0.150259,0.00900526,0.0194495,0.0557752,0.0272225,0.415756,0.0511763,0.0184996,0.0191153,0.0252409,0.0175242,0.0107112,0.0180657,0.0210046,0.0251221,0.0271575
49,0.0225185,0.0267288,0.0203431,0.0156329,0.0459468,0.0102072,0.0210012,0.0395165,0.0218987,0.479011,0.0633662,0.0174194,0.0207844,0.0175953,0.0082921,0.018788,0.00965276,0.0773566,0.0340561,0.0298837
50,0.161875,0.128609,0.0405106,0.15377,0.00801015,0.028498,0.0200427,0.111728,0.0457719,0.00871661,0.0205189,0.00792169,0.00327908,0.0584694,0.00463414,0.00821837,0.102211,0.063358,0.0154984,0.0083596
51,0.0963122,0.010222,0.115853,0.0887703,0.00922305,0.0703561,0.0702654,0.0163571,0.0538926,0.0189489,0.0491011,0.0222404,0.00246561,0.0156266,0.0308824,0.11556,0.048844,0.0479223,0.0148022,0.102356
52,0.0490921,0.0157865,0.0353779,0.140533,0.0318195,0.0505096,0.0301749,0.0488353,0.025235,0.0477503,0.0921013,0.0454578,0.00230691,0.0599269,0.0577331,0.0667194,0.10412,0.0284832,0.030311,0.0377267
53,0.0911436,0.0202971,0.0232515,0.0222176,0.0168126,0.0174806,0.30425,0.0130255,0.0139848,0.00610175,0.0252962,0.0445013,0.0341077,0.0258476,0.0291726,0.0706706,0.121589,0.031751,0.0336125,0.0548866
54,0.0209919,0.0203817,0.0367758,0.0203622,0.0279346,0.0199496,0.0333157,0.0362199,0.0604473,0.0124743,0.0339412,0.461127,0.0104507,0.0244587,0.0107765,0.0326013,0.0738502,0.0134156,0.0289888,0.0215378
55,0.0600122,0.0250666,0.0266125,0.0841921,0.0514513,0.190544,0.111627,0.010457,0.0419176,0.00585235,0.0311671,0.0336265,0.0113352,0.0619138,0.0256454,0.090816,0.0225631,0.0175562,0.0502927,0.0473515
56,0.149854,0.0224362,0.0139115,0.00944195,0.0180331,0.0128223,0.094063,0.0108002,0.127076,0.0269412,0.0913319,0.0162099,0.0101282,0.131368,0.0416848,0.00673585,0.0122266,0.0594387,0.0625733,0.0829229
57,0.0151137,0.022417,0.0203337,0.0442398,0.0192784,0.015494,0.0346845,0.0926195,0.02705,0.45807,0.0407181,0.0146968,0.0327788,0.0290565,0.0123211,0.02337,0.0193362,0.0325484,0.0265304,0.0193432
58,0.0148984,0.499493,0.0396798,0.0196832,0.0581905,0.0350812,0.0196802,0.011662,0.0156053,0.0207889,0.0400275,0.0213999,0.0178017,0.0221628,0.026631,0.0249649,0.0119986,0.0175641,0.031896,0.0507912
59,0.0596913,0.00933376,0.0188112,0.0142473,0.0867477,0.0052153,0.0407778,0.00524717,0.118755,0.0577485,0.0420056,0.0783156,0.003327,0.0421059,0.104072,0.0720583,0.065251,0.00186884,0.0224309,0.15199
60,0.00594229,0.00903711,0.0137822,0.0174577,0.0325078,0.0151861,0.0107001,0.16488,0.00910671,0.36487,0.05641,0.0107033,0.0125217,0.0109531,0.00545621,0.0209004,0.0234963,0.150314,0.0208335,0.0449408
61,0.0582601,0.0106941,0.102601,0.047201,0.0789678,0.0287555,0.0764166,0.00492798,0.0930629,0.0160376,0.0408124,0.10249,0.00348719,0.0692783,0.0349634,0.0362335,0.0153793,0.00611615,0.070651,0.103664
62,0.0150908,0.0218888,0.0304669,0.0475727,0.0389935,0.368628,0.028641,0.0200105,0.0254519,0.0104453,0.0357691,0.0619335,0.0152309,0.0331004,0.0356535,0.0936499,0.0213144,0.0428879,0.0328567,0.020414
63,0.0385826,0.00815243,0.0236826,0.0546486,0.017483,0.0281981,0.135785,0.131641,0.0994943,0.0119813,0.0485711,0.048591,0.0060954,0.0342415,0.111642,0.029389,0.0297871,0.102824,0.0230067,0.0162037
64,0.074823,0.00746851,0.0517467,0.183472,0.00731169,0.0358381,0.0274599,0.00771944,0.0736199,0.0599568,0.0409637,0.0484879,0.0718648,0.0582144,0.0387287,0.0374259,0.0506791,0.0203915,0.0240094,0.0798185
65,0.0741743,0.0212819,0.0251903,0.0281597,0.029083,0.0156806,0.0273253,0.0205034,0.0262988,0.0276872,0.0402211,0.0182882,0.480149,0.022355,0.0131772,0.0281567,0.0250049,0.0159367,0.0374809,0.023846
66,0.0145111,0.022687,0.0182192,0.0190933,0.0662215,0.0121383,0.0141608,0.0877344,0.0300656,0.384143,0.046427,0.0250858,0.0317997,0.027849,0.0434836,0.0124191,0.0169412,0.0733461,0.0357607,0.0179135
67,0.0619021,0.0164471,0.156642,0.131242,0.0263753,0.0213972,0.0419009,0.0773047,0.0176663,0.0657564,0.0337217,0.0138471,0.0227668,0.0589776,0.0373605,0.0305598,0.0459037,0.0726519,0.0190605,0.0485166
68,0.0116994,0.0234333,0.0171725,0.0634709,0.0786673,0.0136856,0.0146332,0.0172251,0.0151865,0.492052,0.0361236,0.0321128,0.0124637,0.0158178,0.0103492,0.050073,0.0234814,0.0276413,0.0270727,0.0176387
69,0.0522256,0.0137083,0.074178,0.106207,0.0198506,0.148281,0.0914294,0.0112684,0.0959486,0.0536587,0.0564735,0.0590914,0.00175095,0.0783925,0.0202033,0.038192,0.0210993,0.0116376,0.0158593,0.0305435
70,0.109726,0.00934865,0.0238262,0.0850143,0.0427412,0.0562157,0.0308451,0.020403,0.0405889,0.0300769,0.0599732,0.0285081,0.110771,0.0236875,0.0522625,0.0357246,0.0734361,0.0360256,0.0516773,0.0791483
71,0.0125024,0.594473,0.0208619,0.0222018,0.042333,0.0140019,0.0180976,0.0143723,0.0195384,0.0202841,0.0272575,0.0225826,0.00825449,0.0169428,0.0407629,0.0184187,0.00869627,0.0129896,0.0261266,0.0393021
72,0.0677176,0.0185696,0.0566726,0.0434544,0.0110487,0.107467,0.0152569,0.00729273,0.0346322,0.00833804,0.0215403,0.17362,0.00477521,0.0941022,0.0284214,0.128594,0.146634,0.00387113,0.0171197,0.0108732
73,0.00548332,0.033433,0.00867491,0.0119629,0.0840514,0.00496755,0.00719601,0.251092,0.0116137,0.251156,0.0808286,0.0128006,0.0109127,0.0130832,0.00814938,0.00519885,0.024212,0.151083,0.0179946,0.00610685
74,0.0712436,0.024058,0.00513355,0.0215594,0.0194414,0.0341725,0.0424359,0.0926244,0.0175404,0.111663,0.0674406,0.0337391,0.083831,0.0335172,0.0136487,0.0401042,0.154137,0.0853404,0.0213454,0.0270245
75,0.100723,0.0197812,0.0185836,0.0498665,0.0219638,0.481048,0.0199294,0.0135144,0.0255765,0.00891082,0.0279042,0.0179217,0.00919109,0.0249006,0.0398864,0.0122765,0.0141936,0.0511814,0.0249609,0.0176864
76,0.0144313,0.0503652,0.0230302,0.0300776,0.0243606,0.0557272,0.0174917,0.0167539,0.0452145,0.0574029,0.0253255,0.0396267,0.0109513,0.039357,0.0220986,0.00863083,0.0136284,0.0406278,0.443158,0.0217399
77,0.00950792,0.0194074,0.0448748,0.0159238,0.0457091,0.0211303,0.0349437,0.0501229,0.0172668,0.374411,0.0418526,0.0244594,0.0828425,0.0167567,0.0299676,0.00938353,0.0120691,0.10343,0.0273143,0.0186259
78,0.0174491,0.0159701,0.00940077,0.0149992,0.0322119,0.006514,0.0108218,0.149219,0.0140358,0.417013,0.0686775,0.0146042,0.0127763,0.0185227,0.0350559,0.0196922,0.0298636,0.0234471,0.0492934,0.0404327
79,0.0943105,0.0180653,0.0163261,0.0363874,0.0105462,0.509131,0.0169763,0.0110898,0.031487,0.00600795,0.0308333,0.0149266,0.0115465,0.0178595,0.0448098,0.00652395,0.0105333,0.0756873,0.0235314,0.0134209
80,0.0573148,0.0153062,0.066592,0.0224941,0.0137447,0.0103412,0.165307,0.0347566,0.0222107,0.0049299,0.0189395,0.35632,0.0047245,0.0164946,0.022147,0.0996534,0.0249727,0.0130475,0.0144863,0.016218
81,0.0177511,0.0362112,0.0244735,0.0212338,0.0138812,0.0124381,0.0818237,0.0142365,0.0147249,0.0407595,0.0186083,0.0102656,0.538047,0.0214689,0.00672662,0.0349149,0.0278708,0.0256781,0.0241632,0.0147224
82,0.0537551,0.0323368,0.0709492,0.192341,0.0294824,0.020659,0.024265,0.0247161,0.0407668,0.0336538,0.0300031,0.0842544,0.00291012,0.0557306,0.00289454,0.0307233,0.0566231,0.0195931,0.0648959,0.129446
83,0.0180083,0.47237,0.0239837,0.0257959,0.050946,0.0507878,0.0216017,0.0246907,0.0219277,0.00761239,0.0339544,0.0254695,0.011428,0.0203287,0.020112,0.018645,0.0243842,0.0116939,0.068904,0.0473564
84,0.0356068,0.0320791,0.407389,0.132626,0.0141813,0.0368057,0.023277,0.0152979,0.0126476,0.021237,0.0310155,0.0581356,0.00706633,0.0190933,0.00841467,0.0203663,0.0242058,0.0267675,0.0249139,0.0488741
85,0.0434698,0.00435826,0.0418632,0.0479698,0.0429053,0.0265274,0.105478,0.0533245,0.0078818,0.11014,0.0676957,0.0393713,0.0428083,0.0357877,0.0136794,0.0544497,0.0439401,0.0437902,0.0397027,0.134856
86,0.0391059,0.0207694,0.0220924,0.0214019,0.0254265,0.0125808,0.0131549,0.192883,0.0190835,0.363825,0.0542865,0.0146092,0.0251719,0.0318057,0.033197,0.0101374,0.0158871,0.0290614,0.033851,0.0216686
87,0.0581752,0.0104571,0.0299166,0.063117,0.0536466,0.0177299,0.0442306,0.167374,0.0247834,0.154133,0.0285656,0.0282873,0.013108,0.0939807,0.00489399,0.029458,0.0272731,0.065712,0.0425483,0.0426095
88,0.0473478,0.00327869,0.136255,0.0810738,0.0453774,0.0938474,0.0512048,0.0413075,0.0184511,0.049734,0.0675178,0.0385382,0.0486178,0.0265026,0.0141342,0.0377703,0.0581097,0.0597011,0.0376675,0.0435638
89,0.0442652,0.00484044,0.0384069,0.0804732,0.108717,0.00914797,0.0599477,0.127227,0.0272248,0.0527996,0.0815507,0.0349575,0.0263073,0.0715107,0.0316984,0.0486304,0.0468539,0.0445436,0.0163575,0.0445406
90,0.0370546,0.0110651,0.032016,0.0814875,0.0192881,0.0591517,0.0847348,0.0378907,0.0739016,0.0522443,0.093833,0.0775646,0.0112206,0.0402381,0.057202,0.0543476,0.062051,0.0516886,0.0306496,0.0323706
91,0.0332613,0.00732448,0.0916086,0.0690708,0.0337143,0.0385594,0.0394167,0.0447604,0.017507,0.0187643,0.0440972,0.0779232,0.044881,0.143837,0.0250408,0.0673334,0.0588904,0.0565359,0.0409202,0.0465535
92,0.0185736,0.0136618,0.0248152,0.0370084,0.166781,0.0175651,0.0202899,0.0361047,0.0455601,0.0555368,0.0278314,0.0214243,0.0120303,0.0367381,0.0374579,0.0127026,0.0145833,0.0194058,0.346131,0.0357985
93,0.155848,0.0171671,0.0134554,0.016289,0.0393356,0.214952,0.0171198,0.00734791,0.0124318,0.00978268,0.028433,0.0127331,0.042434,0.0164557,0.00949118,0.290058,0.0220329,0.00866108,0.034234,0.0317381
94,0.0121952,0.0656609,0.0325759,0.0141121,0.0684769,0.0118318,0.0423132,0.0111313,0.0137551,0.00672165,0.0273113,0.039482,0.0106898,0.0161616,0.00769312,0.0350767,0.0133618,0.0166045,0.0243901,0.530455
95,0.010415,0.0418667,0.0222425,0.0139846,0.0357261,0.0113583,0.0169836,0.416302,0.0129402,0.060017,0.0256054,0.0470269,0.00639509,0.0264028,0.00906797,0.0162631,0.0256951,0.159041,0.0255622,0.017105
96,0.116378,0.0247149,0.0349299,0.0514014,0.0130708,0.0132313,0.0352045,0.0712171,0.0170124,0.0277678,0.0333503,0.0155265,0.00932558,0.0133565,0.00906773,0.0115739,0.022885,0.434855,0.0322886,0.0128433
97,0.0136374,0.022398,0.0685785,0.41013,0.0174185,0.0329697,0.0147179,0.029113,0.0378285,0.0327869,0.0359571,0.0163874,0.022643,0.0668687,0.00892418,0.0149489,0.0124368,0.100098,0.0256549,0.0165028
98,0.09044,0.0103195,0.056033,0.0754833,0.0106169,0.0175796,0.0546542,0.0299849,0.0390434,0.0611534,0.00968959,0.0485615,0.0366728,0.0254237,0.0749118,0.122941,0.0689005,0.0655618,0.0659641,0.0360654
99,0.0401556,0.0051275,0.0793219,0.0501554,0.0244042,0.0235603,0.0716715,0.0359853,0.0170071,0.0310366,0.0920902,0.0278165,0.0715908,0.0839929,0.0196244,0.0531161,0.0430957,0.0678858,0.127439,0.034924
100,0.0501872,0.0343944,0.127244,0.0753418,0.0281118,0.113981,0.0333426,0.0637252,0.0267331,0.0280569,0.0425312,0.0929114,0.00674106,0.0503348,0.0645963,0.0500883,0.0189472,0.0407978,0.0260533,0.025881
101,0.0377887,0.0357991,0.0161944,0.0166436,0.0355904,0.0351939,0.00683819,0.00958417,0.00521496,0.00266642,0.0166757,0.188004,0.134282,0.109361,0.0046396,0.108158,0.0804372,0.0829841,0.0202803,0.0536643
102,0.0478979,0.0526307,0.11786,0.110436,0.0343246,0.0313215,0.0570503,0.0260968,0.0441487,0.0249117,0.0144069,0.0169501,0.0357615,0.114599,0.0323792,0.0152878,0.0869924,0.0753018,0.0438164,0.0178269
103,0.0377998,0.0496035,0.0289092,0.0216429,0.0883954,0.0109761,0.109495,0.0964633,0.012954,0.0420063,0.0256317,0.0566056,0.00403805,0.0315548,0.0197827,0.0288502,0.0286567,0.08096,0.139082,0.0865938
104,0.091316,0.0133384,0.0273503,0.0391114,0.0347143,0.403904,0.0332103,0.00943094,0.0108511,0.00644941,0.0236892,0.0444634,0.0167562,0.0154438,0.044476,0.073334,0.00934593,0.0441864,0.0325362,0.0260934
105,0.127057,0.0409156,0.0232979,0.0469087,0.0687636,0.0112198,0.0152093,0.018558,0.0160112,0.0375498,0.0381687,0.0384944,0.12231,0.0749977,0.00468507,0.106231,0.0280443,0.100482,0.0284368,0.0526578
106,0.0132115,0.542975,0.0222715,0.0207158,0.0275453,0.0154984,0.0181873,0.0177327,0.0222299,0.00985588,0.0304069,0.025713,0.0144239,0.0187056,0.0208714,0.034483,0.0192952,0.0159048,0.05682,0.0531531
107,0.0116754,0.0393663,0.027091,0.0134493,0.101341,0.0101059,0.0425253,0.0136325,0.0141618,0.0232168,0.033164,0.0191004,0.0147233,0.033175,0.0105992,0.0196142,0.0299332,0.0274842,0.0840943,0.431547
108,0.0185769,0.0226751,0.0266718,0.0316236,0.0209215,0.0192908,0.0226075,0.019458,0.0133893,0.0416879,0.0279415,0.0227716,0.515,0.0406328,0.0146067,0.0224172,0.0360995,0.013332,0.0330014,0.0372951
109,0.0106557,0.0275625,0.0176037,0.0868861,0.0304834,0.458079,0.013276,0.0175019,0.0225546,0.00754575,0.0559956,0.0154335,0.0107189,0.0147272,0.0522112,0.0155947,0.0163994,0.0513486,0.0488038,0.0266193
110,0.0239705,0.0329974,0.146116,0.0843574,0.0388317,0.0341123,0.0371525,0.0276802,0.0281365,0.0460891,0.0274336,0.107362,0.015576,0.0617667,0.0160344,0.0647117,0.0211823,0.0965805,0.0329675,0.0569417
111,0.00594121,0.0166424,0.0196913,0.0149859,0.0909688,0.00470911,0.033487,0.227536,0.0119203,0.1714,0.0238959,0.0151196,0.0147765,0.0170564,0.011261,0.00865299,0.0316495,0.178666,0.0898201,0.0118193
112,0.0843932,0.0753934,0.0435665,0.0410842,0.048921,0.099833,0.0829737,0.0436569,0.0194904,0.0277635,0.0552916,0.0728687,0.00296301,0.0309605,0.0198858,0.0349806,0.0398946,0.0417312,0.0498124,0.0845355
113,0.0815241,0.0174222,0.240153,0.118657,0.0207483,0.0130362,0.0543817,0.00670453,0.00946948,0.0970574,0.0815121,0.0325748,0.0104286,0.0856495,0.00403345,0.0538117,0.00771556,0.00614794,0.0173123,0.0416605
114,0.0331356,0.0391324,0.020727,0.00833547,0.0698164,0.0433424,0.021967,0.103179,0.0116994,0.0680901,0.0879032,0.0301979,0.0420432,0.0315907,0.0142498,0.0711079,0.0443632,0.0410163,0.026169,0.191934
115,0.108608,0.0283982,0.0367837,0.24028,0.0522851,0.0462933,0.0806404,0.00879586,0.0360158,0.0115998,0.0224761,0.00928667,0.0864649,0.14943,0.00668373,0.00609711,0.0075479,0.0314468,0.018015,0.0128523
116,0.0186672,0.0204728,0.0277834,0.456131,0.0369286,0.0236514,0.0371155,0.0464081,0.0507989,0.0105635,0.0460482,0.0280517,0.0209872,0.0249766,0.0136024,0.0242267,0.0232996,0.0206514,0.0509449,0.0186911
117,0.0103439,0.0198748,0.0255696,0.0186673,0.0271432,0.00924679,0.0103684,0.0270545,0.01189,0.565825,0.0576969,0.0187354,0.0336432,0.0507496,0.008779,0.00791742,0.0121063,0.0306578,0.0255396,0.028191
118,0.0124541,0.0427233,0.00747473,0.00846799,0.131376,0.0149127,0.14106,0.0575297,0.0515286,0.0467469,0.0478451,0.0265788,0.00243456,0.00707602,0.125172,0.00803736,0.0159055,0.0417329,0.0495817,0.161363
119,0.0327275,0.0294932,0.0512456,0.426842,0.0328189,0.0374741,0.0440511,0.0218577,0.0666594,0.0174653,0.0309773,0.0247715,0.0101539,0.0290094,0.0112558,0.017182,0.0151695,0.0188382,0.0487869,0.0332208
120,0.0307249,0.0278146,0.0237875,0.0318248,0.0338194,0.0200994,0.117726,0.0316843,0.0501135,0.0165893,0.0435787,0.0176715,0.0082801,0.282151,0.0830856,0.0426144,0.0288469,0.0218171,0.0332725,0.0544986
121,0.0184633,0.0214712,0.0345267,0.0223221,0.0487954,0.00706737,0.0227284,0.0304375,0.0226352,0.425958,0.0479716,0.0169864,0.0149647,0.0232099,0.00998604,0.10671,0.0130131,0.0555274,0.0379395,0.0192861
122,0.0321231,0.0676337,0.0213504,0.0161505,0.0595206,0.0503487,0.0566223,0.0869588,0.0250921,0.0451063,0.0743204,0.0857217,0.0070508,0.0431481,0.0448873,0.0866594,0.0620821,0.0397968,0.0271807,0.068246
123,0.0544774,0.0157569,0.0313032,0.0364954,0.0660656,0.063886,0.0118074,0.0406427,0.0128488,0.0949524,0.0304744,0.0236754,0.0124509,0.145599,0.0150322,0.120044,0.0666989,0.0909311,0.0252269,0.0416322
124,0.139166,0.0547469,0.0132954,0.0167115,0.0599396,0.00498331,0.00873395,0.0504645,0.0155037,0.0497394,0.0317976,0.00829224,0.00542337,0.00880894,0.00845421,0.0352872,0.251559,0.193188,0.0205748,0.0233305
125,0.0315681,0.0138071,0.0573116,0.0810762,0.0707657,0.0761202,0.00700269,0.0509727,0.0617476,0.0480431,0.0438895,0.0363584,0.0179961,0.0809036,0.0353417,0.0826139,0.0738922,0.0597641,0.0377139,0.033112
126,0.0623719,0.0157449,0.0583648,0.066736,0.0133769,0.0270784,0.048499,0.0100913,0.058306,0.0916921,0.0437026,0.0423004,0.013232,0.103571,0.0620978,0.0699347,0.0984713,0.049458,0.0251388,0.0398315
127,0.0742426,0.0162103,0.0155477,0.00892404,0.0251144,0.040724,0.0262144,0.136513,0.0116171,0.15933,0.192075,0.00745019,0.00976162,0.0110042,0.00465814,0.0389594,0.0963629,0.0567843,0.0420534,0.0264529
128,0.043438,0.015801,0.117231,0.229207,0.0119943,0.020205,0.0708037,0.0505592,0.0760926,0.0269141,0.047093,0.01274,0.00773838,0.0283331,0.00584928,0.0481595,0.0675939,0.0802633,0.0260369,0.0139463
129,0.0186177,0.0337537,0.0395664,0.0294096,0.0298575,0.0499097,0.026186,0.0501554,0.0554309,0.0115358,0.0421772,0.0270106,0.0180493,0.0216042,0.426451,0.0187255,0.0220619,0.0192266,0.039404,0.0208673
130,0.0211139,0.0293569,0.0283877,0.0212048,0.401024,0.0173483,0.0305394,0.0306906,0.0298758,0.0489658,0.0438508,0.0239372,0.029015,0.0304384,0.0144201,0.0445837,0.0196593,0.0302998,0.0454522,0.0598368
131,0.107129,0.033281,0.0230496,0.254402,0.0259426,0.0273607,0.0211823,0.0171299,0.0867603,0.0359871,0.0364794,0.0230118,0.0594313,0.0442236,0.0114524,0.0243872,0.0604429,0.0414806,0.0378115,0.029055
132,0.0758834,0.0426987,0.0302737,0.034867,0.0234365,0.0151647,0.0235768,0.304434,0.0356548,0.0519191,0.123104,0.0274778,0.0150488,0.022484,0.0152897,0.0134017,0.0285542,0.0440038,0.0431148,0.0296117
133,0.0191801,0.0548752,0.0540622,0.0235111,0.440228,0.0125205,0.023698,0.0479328,0.0232237,0.0349364,0.0485471,0.0228983,0.0119344,0.0208257,0.0112077,0.0310999,0.0160147,0.0258525,0.0309377,0.0465144
134,0.0677189,0.00928425,0.198586,0.0967197,0.0322968,0.0436951,0.0299562,0.0111394,0.020546,0.00673166,0.0149877,0.116008,0.144503,0.0503424,0.0109179,0.0846441,0.0177715,0.0157892,0.0191525,0.00921002
135,0.0710731,0.0142875,0.0413592,0.0809008,0.0898181,0.027284,0.0273885,0.0253926,0.0794002,0.0776547,0.0507628,0.0141186,0.0400772,0.0310895,0.0222654,0.0578364,0.0373902,0.0853403,0.0644936,0.0620673
136,0.0821853,0.00349416,0.158561,0.126681,0.0309952,0.0515884,0.0456516,0.0478776,0.0160196,0.0276798,0.0284224,0.0535429,0.0247585,0.0260714,0.00169293,0.0959187,0.0734883,0.0396091,0.0468167,0.018945
137,0.103175,0.0114997,0.0441904,0.0356606,0.0496883,0.0652113,0.0427486,0.0871224,0.0177612,0.0367556,0.0426152,0.0182467,0.0325638,0.0679556,0.0255776,0.0851811,0.05633,0.0326712,0.0412541,0.103791
138,0.202768,0.0132283,0.00451112,0.00386081,0.0367692,0.0304246,0.0249099,0.0228124,0.0218655,0.0129848,0.0493498,0.0449276,0.00476133,0.0450608,0.0234388,0.0803248,0.0728526,0.0740434,0.183419,0.047687
139,0.0108883,0.0529522,0.0148756,0.0136349,0.112451,0.0217403,0.0267521,0.00936341,0.0161366,0.0156242,0.0543485,0.0136359,0.00584931,0.0111757,0.0160051,0.00756935,0.00883087,0.00831822,0.39611,0.183739
140,0.0356469,0.00698758,0.0337336,0.0973885,0.0464237,0.0403197,0.0106851,0.0470032,0.0267684,0.0333988,0.12224,0.0315102,0.167452,0.0550834,0.0166779,0.0576447,0.096016,0.0514724,0.0107583,0.0127902
141,0.00796194,0.0133774,0.037379,0.0221674,0.0110135,0.00726184,0.06497,0.0221633,0.035475,0.0392437,0.0217412,0.543381,0.00654899,0.029463,0.0128674,0.0340894,0.0121241,0.00759969,0.0268809,0.0442909
142,0.0165335,0.00565233,0.0184586,0.0152062,0.14768,0.00276831,0.138229,0.0160382,0.00664649,0.0280796,0.0717108,0.096498,0.00520475,0.0370232,0.011747,0.0781777,0.0255085,0.0520431,0.015153,0.21164
143,0.0287211,0.0149948,0.0201355,0.0293786,0.0248054,0.256878,0.0103891,0.0637523,0.0268346,0.00376669,0.0178855,0.0152059,0.023319,0.0164615,0.00994579,0.0456808,0.350542,0.00926977,0.0212194,0.010814
144,0.0858136,0.0123363,0.192571,0.293587,0.070241,0.02645,0.0170413,0.0224289,0.00785266,0.0237243,0.0392016,0.035263,0.00231693,0.0320809,0.00553414,0.0212073,0.0118657,0.0186001,0.0451083,0.0367765
145,0.0441531,0.00521236,0.0785066,0.101124,0.0700683,0.023635,0.0797159,0.0221047,0.0203037,0.0304052,0.0529996,0.0611604,0.0322391,0.0849438,0.0463354,0.0142058,0.015703,0.0974138,0.0142855,0.105485
146,0.0707291,0.0188659,0.0776854,0.0488631,0.0376618,0.197433,0.038891,0.0206263,0.0520201,0.0503621,0.0301318,0.0508801,0.01709,0.0380622,0.0276705,0.0375071,0.040359,0.0395908,0.0715651,0.034006
147,0.0569072,0.00342148,0.0173242,0.0325885,0.01635,0.028733,0.0346972,0.195269,0.0172311,0.045806,0.0264362,0.0493511,0.0237562,0.0152545,0.00616843,0.126729,0.201674,0.0649671,0.0156209,0.021715
148,0.0243742,0.0218204,0.0190528,0.0291542,0.0140181,0.0191665,0.0501183,0.045524,0.0155367,0.0100759,0.0360617,0.0296452,0.0223246,0.0175924,0.00721468,0.311055,0.237366,0.0261447,0.0316175,0.0321363
149,0.21343,0.002693,0.0106845,0.0185927,0.0865667,0.0590739,0.0207932,0.0272266,0.00444085,0.0773192,0.0272079,0.0312007,0.0128152,0.044528,0.00126205,0.176217,0.0801866,0.0427707,0.0244689,0.0385219
150,0.185213,0.0481552,0.0381621,0.0275425,0.0430668,0.0381894,0.0246603,0.0101136,0.0534474,0.0661774,0.0859319,0.0225801,0.0135,0.0340713,0.0350609,0.159886,0.0504526,0.0262908,0.0154289,0.0220696
151,0.0489142,0.41959,0.026796,0.0468041,0.0508937,0.0479327,0.0243135,0.0134964,0.0181324,0.00816002,0.027664,0.0155018,0.0460567,0.0197664,0.0227158,0.0186673,0.036579,0.0361004,0.0439288,0.0279871
152,0.0196055,0.0167078,0.0109542,0.0798947,0.0459084,0.0524229,0.0713093,0.0804987,0.0457961,0.014223,0.0306944,0.087935,0.0881614,0.0428303,0.0208928,0.0281813,0.0776632,0.0557005,0.0229066,0.107714
153,0.0563655,0.0211333,0.137375,0.0924927,0.0296329,0.00712379,0.0250155,0.0278914,0.00748181,0.0275727,0.114337,0.0922482,0.00325174,0.0328688,0.0321886,0.0704523,0.05782,0.103236,0.0502026,0.0113107
154,0.0716508,0.0033938,0.0138325,0.0327298,0.0453282,0.0920664,0.0386408,0.0933112,0.0659801,0.0185784,0.0468097,0.114428,0.00331799,0.0666745,0.0491423,0.0712904,0.0435482,0.0394112,0.0204726,0.0693933
155,0.109667,0.0124621,0.0818143,0.035402,0.00889289,0.0694009,0.0882522,0.00747273,0.0355738,0.00954623,0.0629648,0.0699386,0.00743664,0.110392,0.0157998,0.138467,0.035269,0.0351353,0.0203295,0.0457846
156,0.0251875,0.00308588,0.115628,0.058602,0.0345645,0.109938,0.088731,0.0572072,0.0333898,0.045833,0.0337433,0.0936609,0.0072206,0.0878408,0.0119469,0.0560625,0.0514453,0.0537157,0.0102812,0.0219152
157,0.23408,0.00558326,0.0540676,0.030023,0.0168425,0.0174876,0.113502,0.0461031,0.0223154,0.0450592,0.0884272,0.0191495,0.100098,0.08383,0.0197466,0.0312807,0.0299526,0.0158941,0.0131978,0.0133584
158,0.0904726,0.00712114,0.0833358,0.0965431,0.017322,0.112668,0.0713061,0.0116316,0.0322785,0.0262177,0.0493374,0.0463213,0.0118109,0.075794,0.0151518,0.100783,0.100866,0.00769436,0.0277846,0.0155601
159,0.00953955,0.0303573,0.0380369,0.0204081,0.405537,0.0316193,0.0429527,0.0138476,0.0182874,0.0183552,0.152983,0.0189402,0.010316,0.0147532,0.0123784,0.0203732,0.0100214,0.0532368,0.0414255,0.0366318
160,0.0107123,0.0409282,0.0526624,0.014737,0.035174,0.01271,0.0833128,0.0103146,0.0122669,0.0129415,0.0295923,0.0167715,0.0143402,0.0176261,0.0114693,0.00963397,0.0118425,0.010152,0.0318523,0.56096
161,0.0179313,0.0132503,0.0170652,0.0134723,0.00902039,0.0403196,0.148583,0.00955811,0.120627,0.00900143,0.0250435,0.237053,0.00376163,0.00916528,0.200398,0.0720617,0.0233304,0.00522312,0.0149038,0.0102309
162,0.0164419,0.0177001,0.0695339,0.0208317,0.0166286,0.00894205,0.0212834,0.0499772,0.0836821,0.0056202,0.0277041,0.46671,0.00599473,0.0156478,0.0090093,0.0389073,0.0625606,0.0123344,0.0254844,0.0250064
163,0.00680839,0.0171722,0.0173499,0.0138949,0.0510407,0.00718585,0.0206487,0.183468,0.0191262,0.322285,0.0791456,0.0186075,0.00796033,0.0190946,0.00550891,0.0163929,0.00990156,0.128484,0.0427531,0.0131713
164,0.0300149,0.0214781,0.0285066,0.0288381,0.0303372,0.050618,0.0775064,0.047421,0.0163313,0.32733,0.0474411,0.0505916,0.0139474,0.0357668,0.0163164,0.0345993,0.0149871,0.0430955,0.0332032,0.0516703
165,0.0207375,0.0484141,0.0182713,0.0307046,0.0274382,0.0140929,0.0398751,0.0107355,0.0153869,0.022653,0.0263012,0.0152235,0.0204259,0.0202744,0.0502967,0.0202039,0.0109184,0.0181692,0.557619,0.0122587
166,0.0138301,0.0158637,0.0103368,0.0177987,0.00752461,0.00857418,0.00517605,0.192844,0.015033,0.205882,0.0519139,0.0119263,0.0352697,0.0253728,0.00528908,0.00303535,0.0173226,0.330645,0.0182264,0.00813582
167,0.0406617,0.0347503,0.0112257,0.0284081,0.0464562,0.0692252,0.0284266,0.0429245,0.0609873,0.0742712,0.0476684,0.0364828,0.00447906,0.0745559,0.0481534,0.043156,0.141585,0.0429903,0.0126764,0.110916
168,0.224928,0.0305152,0.00368819,0.0278378,0.00444149,0.0583445,0.0417182,0.0158485,0.0755995,0.0355935,0.0708202,0.0408974,0.00897133,0.0560776,0.0176872,0.143874,0.0621474,0.0673349,0.0100842,0.00358986
169,0.153349,0.0109278,0.0240334,0.0435282,0.0464782,0.0169179,0.0355499,0.0204989,0.0414409,0.0781706,0.114058,0.0773103,0.00643891,0.0443466,0.0522226,0.0921055,0.0293619,0.0283157,0.0388046,0.0461411
170,0.0613509,0.00238444,0.138608,0.125215,0.0687592,0.0691395,0.0483247,0.0158313,0.022984,0.052347,0.0345072,0.115865,0.00627895,0.0573284,0.00691138,0.0506446,0.053676,0.0169859,0.0137029,0.0391546
171,0.054647,0.00461458,0.161257,0.266986,0.00717956,0.0172016,0.0210052,0.0475367,0.0094184,0.0203068,0.0358666,0.0413164,0.040571,0.041474,0.00217718,0.0516539,0.0848416,0.046461,0.00749141,0.0379947
172,0.016675,0.0017957,0.158138,0.0849199,0.0537888,0.0192418,0.0971351,0.0299051,0.00664217,0.0405098,0.0254692,0.0829206,0.01508,0.0345839,0.00581469,0.0417976,0.0615629,0.0993471,0.0232404,0.101432
173,0.0106958,0.027223,0.0748942,0.0159321,0.105012,0.0147888,0.0330943,0.00742386,0.0135526,0.00660118,0.0295811,0.0407526,0.0122704,0.0178823,0.0152951,0.0253688,0.00693537,0.00882301,0.162367,0.371506
174,0.090684,0.0314099,0.0483276,0.0253246,0.0128113,0.0561295,0.0653775,0.0257226,0.0958148,0.0512256,0.0236105,0.0455855,0.0220207,0.0949668,0.0431884,0.0523115,0.0620942,0.0675578,0.0103001,0.0755366
175,0.0308437,0.020382,0.0133667,0.0464504,0.062521,0.0139672,0.147454,0.024581,0.0364943,0.084016,0.102624,0.0472414,0.0771598,0.0529058,0.0322767,0.0249809,0.0425797,0.0398777,0.0210135,0.0792643
176,0.104767,0.0176123,0.00514994,0.00436472,0.034332,0.00638432,0.03094,0.0987304,0.00746752,0.0748704,0.110747,0.00836233,0.00375384,0.00531198,0.00179673,0.0419938,0.126443,0.267547,0.0346912,0.0147339
177,0.136513,0.00623911,0.0180626,0.0768863,0.0842453,0.0205225,0.0612917,0.0436128,0.0204091,0.0995798,0.0313852,0.0406362,0.00278187,0.0397135,0.0238615,0.0684053,0.0817063,0.0615997,0.0621165,0.0204313
178,0.0509479,0.0258925,0.0352329,0.0684509,0.0499768,0.0899956,0.0211645,0.0218644,0.0792658,0.0361708,0.0530233,0.126219,0.0181635,0.0706448,0.0218474,0.0915453,0.0595598,0.0404524,0.0142694,0.0253137
179,0.0466411,0.00740163,0.0433352,0.13145,0.0761866,0.0164531,0.0350042,0.0178188,0.0408478,0.0398492,0.041022,0.0608175,0.0109423,0.0426513,0.0548432,0.0766233,0.056783,0.0658235,0.0553006,0.0802056
180,0.00642007,0.0546573,0.0258065,0.0134595,0.15283,0.0067909,0.0257629,0.00953319,0.0171111,0.0108288,0.0240721,0.027061,0.00712156,0.0172431,0.00829999,0.0150301,0.0070779,0.0079301,0.211364,0.3516
181,0.0397492,0.0404898,0.00722703,0.0259927,0.0761566,0.00596681,0.0325617,0.0232727,0.0469124,0.0458746,0.0919576,0.0187204,0.0117479,0.1231,0.0472482,0.0462073,0.0873872,0.0478064,0.114494,0.0671271
182,0.0313652,0.0345564,0.0430908,0.030459,0.0208057,0.00714501,0.0599791,0.0302567,0.0581871,0.011522,0.0352839,0.409348,0.0155165,0.0210144,0.0099352,0.0745992,0.0349762,0.013398,0.0305676,0.0279953
183,0.0356982,0.0305375,0.0557539,0.100261,0.0127414,0.0676887,0.0337145,0.0367887,0.035418,0.0616007,0.0725347,0.0776274,0.00254777,0.0537388,0.0390886,0.0779803,0.0997124,0.0467295,0.03212,0.0277182
184,0.0610863,0.0204047,0.0220214,0.0501914,0.0309496,0.0490022,0.018946,0.0782355,0.108411,0.057291,0.145016,0.059833,0.00324455,0.0868522,0.0493844,0.00467952,0.0129195,0.0365991,0.0633805,0.041552
185,0.0728438,0.00833146,0.087089,0.125298,0.0222175,0.110833,0.04573,0.0119214,0.020516,0.0360365,0.0251332,0.0117061,0.0600784,0.0166401,0.0645488,0.129866,0.0678422,0.0318354,0.0404243,0.0111094
186,0.0470686,0.117166,0.0113941,0.0617409,0.0167761,0.0262849,0.0309637,0.0254157,0.136746,0.0478738,0.0403884,0.0352765,0.00578902,0.0881189,0.0488541,0.0322373,0.10789,0.0892665,0.016371,0.0143788
187,0.0328856,0.00595923,0.0556335,0.112358,0.0397683,0.0196785,0.100056,0.0416787,0.0279477,0.0848864,0.0181741,0.0127977,0.0476373,0.125147,0.0434963,0.0658067,0.0241795,0.0618896,0.0506496,0.0293699
188,0.0296551,0.0439724,0.0205899,0.02069,0.0146962,0.0302055,0.0160254,0.187335,0.0174628,0.0731017,0.0467225,0.0152373,0.0114202,0.0153738,0.00855683,0.00755527,0.0363783,0.358227,0.0247878,0.0220071
189,0.00986033,0.0169207,0.0149531,0.0183082,0.055114,0.0117382,0.0314589,0.0412007,0.012196,0.430663,0.163226,0.0195548,0.039584,0.0154131,0.014809,0.00842353,0.0132845,0.0452613,0.0211844,0.0168462
190,0.0313596,0.0286011,0.0119388,0.0364185,0.0434475,0.0150997,0.0151158,0.153447,0.00983396,0.191741,0.101029,0.0141389,0.00800211,0.012364,0.00594301,0.00863842,0.0137161,0.25136,0.0250971,0.0227083
191,0.0186558,0.0170237,0.0175506,0.0182208,0.0886786,0.0115505,0.0146333,0.0824958,0.0186465,0.315789,0.0556436,0.0155483,0.0368841,0.0552159,0.0131444,0.00768902,0.0439455,0.111552,0.0329088,0.0242235
192,0.0182,0.0418107,0.0235297,0.0187743,0.0897064,0.0341069,0.0227999,0.0142541,0.0182625,0.0395831,0.0285936,0.0174116,0.0179024,0.0232935,0.0301622,0.0125971,0.0161211,0.0161697,0.451747,0.0649748
193,0.203192,0.033984,0.0483895,0.0267623,0.0123567,0.435127,0.0200445,0.0138534,0.0212423,0.00718455,0.0268143,0.019146,0.0085773,0.0178051,0.0100067,0.0255639,0.00855926,0.0216485,0.0253336,0.0144097
194,0.0563757,0.0479541,0.0421028,0.0157542,0.0389945,0.0100119,0.0126716,0.121905,0.0152337,0.113698,0.110862,0.0133744,0.00679765,0.0140003,0.00728643,0.00588573,0.0158604,0.302378,0.0200656,0.0287885
195,0.0165451,0.0282777,0.0273815,0.0305421,0.0259944,0.0184423,0.474862,0.0152632,0.0204392,0.0190776,0.0274841,0.0459578,0.0144702,0.0384029,0.0786717,0.0119786,0.0148433,0.0151476,0.0338231,0.0423963
196,0.0423487,0.043968,0.109857,0.0623002,0.0440325,0.00967838,0.0619711,0.0249184,0.0101832,0.0350235,0.0747542,0.242318,0.00350097,0.00902447,0.0148428,0.061943,0.0188399,0.0144464,0.08161,0.0344391
197,0.0765377,0.0435173,0.037447,0.027427,0.036557,0.0315445,0.0295869,0.0330056,0.0234491,0.05321,0.0436343,0.0276649,0.204736,0.0580971,0.0184568,0.112477,0.0309736,0.0356962,0.0509913,0.0249911
