site,A,C,D,E,F,G,H,I,K,L,M,N,P,Q,R,S,T,V,W,Y
1.0,0.0324539,0.07396025,0.00921618,0.02161865,0.07782925,0.0216213,0.0435157,0.0740298,0.05910355,0.08533085,0.04762265,0.06356465,0.02807985,0.05012615,0.0270948,0.0510153,0.1061431,0.05113535,0.016205545,0.06033325
2.0,0.0863585,0.03126265,0.04874105,0.028882105,0.0532379,0.010672805,0.0252342,0.06097685,0.019631345,0.1337777,0.06487635,0.074834,0.026303025,0.0331281,0.042322,0.04253285,0.0358909,0.07165535,0.03706355,0.0726189
3.0,0.0961887,0.0507882,0.01537801,0.0323074,0.0323614,0.0301446,0.0372359,0.04035245,0.07430345,0.0540811,0.0603453,0.05465975,0.047599,0.05606635,0.06524365,0.0591272,0.06654905,0.05577915,0.0381614,0.03332775
4.0,0.1229622,0.099274885,0.018362705,0.02735845,0.1459704,0.019760535,0.05667665,0.06222055,0.05212115,0.1397775,0.0350277,0.0160552,0.01291385,0.0221578,0.014550345,0.012706045,0.022175265,0.0319521,0.0460806,0.0418965
5.0,0.04190105,0.03622515,0.023225105,0.013659765,0.137127,0.009172935,0.06496885,0.081318,0.0127407,0.1402845,0.0632507,0.01047523,0.016840815,0.06211985,0.0183131,0.04278205,0.0182484,0.049485675,0.1073326,0.05052825
6.0,0.03597845,0.09509385,0.011068245,0.0307329,0.0959095,0.0110167,0.00916784,0.07560925,0.04099305,0.1283545,0.0940116,0.02465085,0.00337946,0.02030835,0.05693585,0.01145799,0.03826565,0.10047815,0.08272595,0.03386145
7.0,0.04193655,0.0356787,0.009214975,0.01244429,0.155274,0.01799415,0.0215005,0.095764,0.0160489,0.242499,0.05788465,0.016469555,0.0167639,0.0342812,0.0221305,0.044296955,0.026586335,0.06125675,0.0478963,0.0240793
8.0,0.011221595,0.103127,0.011411975,0.01313427,0.0625301,0.09193735,0.01324673,0.0591316,0.01079718,0.167179,0.09548495,0.0248622,0.02086205,0.0145295,0.0227386,0.0145064,0.0198363,0.10504225,0.061755,0.07666605
9.0,0.0576856,0.0731466,0.011966195,0.00872688,0.1515234,0.015626365,0.0293908,0.0961588,0.076676405,0.07106825,0.0604891,0.01242428,0.007459485,0.0154525,0.0163271,0.09710085,0.050496,0.03309575,0.0177552,0.09743045
10.0,0.0793995,0.0534725,0.010191025,0.02862691,0.1206855,0.02389705,0.04335155,0.0671404,0.00956617,0.1073562,0.0420572,0.0291532,0.015748145,0.03993885,0.01368715,0.06974805,0.0521816,0.1014268,0.05832545,0.0340469
11.0,0.0641333,0.1013957,0.013027675,0.009211715,0.1085748,0.087719295,0.0214748,0.082902,0.010659055,0.0818561,0.0335304,0.01481023,0.0141374,0.0152892,0.02993955,0.10479245,0.02387148,0.1129483,0.0547393,0.0149873
12.0,0.07679175,0.03662815,0.018641,0.0967821,0.03058655,0.0227392,0.04578495,0.06762905,0.0204178,0.02019855,0.04032715,0.0242484,0.017248,0.0436769,0.04345075,0.115511,0.0493259,0.1839035,0.02417245,0.02193635
13.0,0.1559985,0.0569826,0.029734855,0.0687349,0.0441478,0.0360269,0.0363678,0.02331155,0.02947975,0.06885475,0.04488155,0.06520075,0.022097,0.09338005,0.0362488,0.04735915,0.0356966,0.0331865,0.03993185,0.03237835
14.0,0.05298545,0.07460875,0.02150805,0.0237102,0.01294551,0.02476025,0.01441318,0.168045,0.024548315,0.00655291,0.06517815,0.0193061,0.0624708,0.01127377,0.0102433,0.06255435,0.194181,0.10519725,0.02845015,0.0170675
15.0,0.1081663,0.02396765,0.172382,0.04967305,0.0141178,0.029201895,0.0687122,0.0248076,0.0843695,0.02874555,0.08285565,0.027653035,0.005789225,0.0241847,0.07618825,0.04311795,0.029855,0.03249105,0.0343831,0.0393388
16.0,0.3699455,0.0300065,0.0530414,0.03432705,0.0198669,0.07953885,0.0347814,0.0347578,0.03025585,0.0125463,0.03749085,0.02924475,0.0175452,0.02927795,0.012596005,0.0586963,0.0219142,0.03816015,0.0401653,0.01584214
17.0,0.0342169,0.0173388,0.371546,0.05183715,0.013293515,0.09431425,0.01875205,0.0124541,0.0297064,0.007714,0.02736655,0.05127455,0.0175862,0.02338345,0.024536435,0.011159595,0.023186675,0.0507552,0.02882885,0.0907496
18.0,0.005492906,0.006182025,0.013130535,0.04183515,0.016718055,0.0037987,0.05398615,0.04465025,0.06974775,0.139038,0.0444301,0.0611927,0.0032087,0.1306058,0.07886095,0.08705105,0.0819077,0.05939565,0.01170349,0.0470639
19.0,0.0123848,0.01401954,0.03171385,0.0266369,0.01743815,0.00988127,0.012774905,0.3687145,0.1259468,0.0755738,0.05324475,0.02058525,0.02519326,0.03873955,0.013158575,0.0188142,0.035595055,0.0599945,0.0161811,0.02340935
20.0,0.0159248,0.4731795,0.1232557,0.012219195,0.03259495,0.01041406,0.01299373,0.010932255,0.0314234,0.01877755,0.0259604,0.016289,0.0241264,0.0182984,0.0218629,0.01954285,0.01295885,0.03238035,0.06451725,0.02234822
21.0,0.0271247,0.0224104,0.0654953,0.02070195,0.01615845,0.008729485,0.02475375,0.3976455,0.0311076,0.07912055,0.0278448,0.0290446,0.00740347,0.01692828,0.01076344,0.02059615,0.02459735,0.0839168,0.020498805,0.06515835
22.0,0.0204161,0.0311455,0.03131075,0.01928335,0.01288607,0.4700275,0.01922545,0.013239855,0.019311525,0.0169779,0.0232132,0.0185041,0.03035098,0.01848815,0.0196503,0.1495219,0.009264315,0.0324812,0.026993,0.0177086
23.0,0.01558705,0.0333902,0.01532995,0.02040155,0.09823455,0.00399787,0.02867955,0.02316075,0.03299745,0.00852856,0.0465845,0.01146071,0.00449599,0.0617848,0.010704935,0.02834298,0.1266575,0.0471142,0.05953195,0.3230145
24.0,0.0713346,0.02737635,0.016520975,0.012679445,0.008134835,0.01254765,0.242704,0.0427305,0.0634229,0.1236574,0.03780735,0.027203065,0.012886165,0.08191745,0.011355585,0.0306006,0.05323185,0.0675703,0.014465,0.04185385
25.0,0.3288625,0.05963335,0.00907481,0.02773376,0.01425416,0.014281725,0.012265215,0.014585195,0.011209235,0.00682162,0.02535505,0.07429665,0.007070995,0.0171101,0.006726385,0.0924573,0.0255305,0.1181942,0.018498875,0.11603785
26.0,0.028688,0.01378285,0.04312925,0.014362625,0.05156165,0.0152821,0.04433255,0.02993485,0.0487078,0.009659455,0.01983712,0.5065525,0.00840458,0.013694755,0.03938985,0.0448092,0.0179816,0.007322775,0.02094395,0.0216224
27.0,0.112640415,0.011339445,0.07386775,0.026394,0.01943065,0.0194553,0.01150019,0.012254165,0.02744995,0.00967394,0.02329565,0.4569225,0.007585275,0.0176147,0.010131255,0.02599705,0.0150616,0.01398628,0.0874121,0.0179884
28.0,0.1007242,0.04717245,0.006905555,0.04921,0.012943795,0.0295321,0.02961365,0.00997759,0.0416189,0.0093091,0.022986335,0.08447645,0.01402892,0.0243219,0.012571165,0.3594185,0.07678035,0.0215336,0.02933937,0.0175367
29.0,0.015687325,0.0137045,0.014532975,0.02228155,0.01563725,0.0186338,0.0499274,0.01858245,0.0175646,0.0100716,0.02921245,0.10916955,0.0346438,0.01651315,0.009532295,0.07619615,0.3791155,0.01022458,0.1266649,0.01210411
30.0,0.0292337,0.01279375,0.3161455,0.0822174,0.0193399,0.01743325,0.04762525,0.01946015,0.02957345,0.011932115,0.016965305,0.0322769,0.00670973,0.10973665,0.00907973,0.007528045,0.10625255,0.064804,0.0243662,0.03652635
31.0,0.02632325,0.0242734,0.01276152,0.17526455,0.011333775,0.02041951,0.015902,0.03159852,0.01536145,0.0697651,0.0601566,0.02991115,0.01572175,0.0290458,0.0750636,0.04173855,0.271686,0.0432835,0.021249,0.009141315
32.0,0.0282537,0.02587855,0.08660315,0.01809643,0.025152805,0.01962825,0.01343432,0.1044913,0.0570029,0.0703843,0.0219497,0.011175785,0.00689935,0.02090275,0.01020187,0.02970455,0.01157831,0.4052835,0.016814315,0.0165647
33.0,0.01798534,0.016372465,0.4548795,0.05232675,0.03269225,0.04281815,0.0227837,0.01496595,0.01357111,0.01730705,0.03854445,0.05457335,0.03132475,0.0187116,0.0165252,0.012927625,0.0308429,0.0376023,0.02556495,0.04768095
34.0,0.0281283,0.019684245,0.0192126,0.0172402,0.0187382,0.01291205,0.0297166,0.0319317,0.0399582,0.01421,0.0291573,0.0399611,0.014675235,0.03359845,0.01540923,0.08622215,0.4946265,0.0150128,0.016859765,0.0227454
35.0,0.04151815,0.0389141,0.01191718,0.013329215,0.0411066,0.0154442,0.01212767,0.3185235,0.02526885,0.07236735,0.1305959,0.0143086,0.03633095,0.02498455,0.01336885,0.0164595,0.08112635,0.032681445,0.0179822,0.0416447
36.0,0.020227,0.04507555,0.0665023,0.0195692,0.03507755,0.008256095,0.006203325,0.03171405,0.018986845,0.0798995,0.0215927,0.01604615,0.01082736,0.06096095,0.1242051,0.221376,0.15494,0.00577821,0.0184352,0.0343268
37.0,0.11756165,0.01181705,0.03830515,0.3011615,0.021769615,0.0286952,0.02644675,0.01663695,0.02610185,0.00719344,0.020441925,0.0410066,0.005694165,0.14076725,0.03448875,0.05786655,0.020357,0.0192639,0.04651145,0.01791315
38.0,0.0278165,0.0271283,0.016744185,0.03722985,0.014398385,0.0682049,0.02731655,0.01366738,0.2727405,0.0097381,0.0446087,0.0357478,0.02020715,0.0145551,0.245372,0.011788355,0.0555857,0.014798735,0.02253465,0.0198168
39.0,0.0347643,0.01915135,0.0354324,0.0580336,0.019259105,0.05146385,0.03524705,0.01338301,0.07269945,0.009598805,0.0301491,0.3903775,0.014842615,0.03858515,0.03286645,0.0487488,0.02298123,0.0188623,0.0234161,0.03013775
40.0,0.033392,0.0398026,0.0186865,0.03379965,0.0233795,0.03530455,0.02092685,0.116692,0.02114085,0.0358619,0.0460183,0.0467994,0.014674245,0.0355853,0.013515995,0.009321945,0.02062875,0.3716195,0.04370455,0.01914575
41.0,0.0954882,0.1028829,0.02478325,0.027564853,0.06780255,0.03558325,0.02950695,0.05055155,0.08095475,0.016197895,0.0297534,0.011599825,0.12034115,0.02415865,0.04632115,0.0250551635,0.03972075,0.1028386,0.04029485,0.02860005
42.0,0.068354,0.0391181,0.03635315,0.0440996,0.03218075,0.029158,0.06503245,0.06888915,0.0444902,0.011715031,0.0537855,0.045037,0.03493465,0.04274045,0.02030145,0.02621725,0.0292213,0.2257435,0.04105155,0.04157705
43.0,0.02831585,0.01397782,0.0410317,0.02671355,0.04687425,0.01694665,0.0229789,0.03326917,0.04892345,0.0261566,0.0289238,0.0287964,0.0067658465,0.024528,0.0146567,0.0310111,0.459476,0.0417123,0.0354714,0.02347025
44.0,0.0594288,0.0188625,0.05508145,0.02614305,0.06795065,0.0249863,0.3329715,0.01099666,0.011320515,0.0220871,0.053594,0.0317209,0.016711175,0.05401565,0.01659624,0.11796685,0.01202293,0.009350075,0.0275667,0.0306268
45.0,0.04213275,0.0265601,0.0246559,0.0174495,0.05896535,0.013928075,0.06636605,0.02408895,0.03431995,0.0531578,0.03638995,0.03733725,0.02254855,0.0245184,0.01400769,0.323942,0.03351735,0.01824675,0.1018715,0.025995885
46.0,0.02980485,0.01979085,0.01508286,0.0151215,0.0911078,0.013916805,0.0215139,0.0829244,0.0791316,0.0516746,0.048342,0.008540615,0.005050605,0.06386695,0.0366787,0.01509502,0.0418904,0.2094875,0.02099215,0.129987
47.0,0.00860164,0.014167345,0.06065055,0.0580649,0.0238278,0.015170945,0.010895485,0.01180537,0.0315881,0.009169345,0.02470745,0.363211,0.0344731,0.02188805,0.02176995,0.11291905,0.09920165,0.0161282,0.0466106,0.01514965
48.0,0.008555125,0.02696805,0.01987815,0.02786675,0.08824905,0.00974818,0.0207693,0.05945835,0.019005,0.479003,0.03200765,0.0155684,0.0398202,0.0366434,0.01853075,0.01445715,0.0168316,0.0175361,0.0227382,0.02636575
49.0,0.02550195,0.02522845,0.08124255,0.01431155,0.02949195,0.01650955,0.0160112,0.023339505,0.02220555,0.5037865,0.03803605,0.011449195,0.02227825,0.0196439,0.0103277,0.03008565,0.00954622,0.04870725,0.0261108,0.02618575
50.0,0.172996,0.0758744,0.0465413,0.170217,0.025526875,0.016736885,0.0153761,0.06672275,0.027551185,0.031185555,0.013089205,0.00761005,0.002595145,0.03526355,0.01340852,0.009009345,0.0761103,0.158744,0.012236255,0.0232059
51.0,0.1031161,0.01270585,0.1593165,0.0591304,0.00810267,0.05891655,0.06312445,0.01989885,0.0369625,0.0293274,0.0354842,0.0651782,0.00569201,0.012717135,0.01804721,0.1036899,0.080255,0.0520622,0.01895575,0.0573182
52.0,0.08474055,0.008952295,0.01987859,0.160526,0.04380915,0.07116455,0.05061525,0.02762791,0.0404783,0.0403394,0.05949045,0.0445162,0.001827145,0.0677734,0.04742865,0.06955175,0.0627625,0.0485605,0.02211425,0.0278431
53.0,0.0675999,0.0167859,0.0176173,0.01792465,0.01055999,0.01389915,0.295544,0.02666875,0.0168767,0.00617787,0.0475412,0.02427958,0.0428042,0.04008785,0.0381108,0.0462181,0.1332265,0.02596035,0.02264195,0.0894753
54.0,0.013338665,0.01446203,0.0408947,0.0246459,0.1141668,0.0248236,0.02247825,0.0253283,0.04964655,0.009573535,0.0312605,0.3936255,0.009905925,0.029794,0.01075435,0.07004615,0.06520945,0.01400125,0.0224489,0.013595775
55.0,0.0425047,0.01648599,0.03351495,0.0621855,0.0339474,0.258864,0.0682703,0.05291125,0.0260279,0.005201325,0.12844305,0.03355565,0.009658165,0.03775005,0.0318071,0.0557128,0.0305991,0.01420385,0.030534,0.027822635
56.0,0.11903475,0.01880715,0.0140707,0.006399675,0.14636005,0.02073265,0.06649685,0.009019195,0.1520005,0.03690405,0.07011275,0.0219192,0.00731171,0.07766605,0.0612067,0.005446515,0.0089231,0.0564275,0.05552,0.0456406
57.0,0.010820515,0.02431205,0.01316657,0.038727,0.02566275,0.011358105,0.0286649,0.08924555,0.0220028,0.4444835,0.0390288,0.032329,0.0297337,0.02673715,0.0296855,0.01897155,0.01539735,0.021215785,0.0445491,0.03390815
58.0,0.0130706,0.4739645,0.0264914,0.03730075,0.03579835,0.0259571,0.0150363,0.0229024,0.01319865,0.01983605,0.0450667,0.02709165,0.01209673,0.0747774,0.01642206,0.01599793,0.010750515,0.0211847,0.0292284,0.06382795
59.0,0.05344905,0.008607965,0.0224825,0.01773835,0.0651861,0.005826,0.0695402,0.00554874,0.119726,0.0525103,0.03240595,0.1001073,0.002390995,0.037488,0.135962,0.0788701,0.05031475,0.00264442,0.02062145,0.11858005
60.0,0.006257415,0.00950026,0.01080172,0.0233554,0.02369045,0.01292545,0.00784207,0.2199285,0.010299355,0.333238,0.05351755,0.01666735,0.0130384,0.00844091,0.007513555,0.013153865,0.01439245,0.148964,0.013703805,0.0527691
61.0,0.0455638,0.006181285,0.08053735,0.0554811,0.0462432,0.0423942,0.1682593,0.003798905,0.10714145,0.012280245,0.02568495,0.1317435,0.002819235,0.0682118,0.04372475,0.02340705,0.00878776,0.00417125,0.04225845,0.0813103
62.0,0.01265815,0.01766225,0.04724235,0.03508005,0.02669275,0.35784,0.1178265,0.01307297,0.0296511,0.008472865,0.0267057,0.07169405,0.01056193,0.03226695,0.03110855,0.0736377,0.0217112,0.02528644,0.0236639,0.0171648
63.0,0.02854785,0.014828665,0.0241928,0.0404078,0.02054415,0.0247329,0.08488365,0.1430805,0.08775635,0.03087015,0.04792295,0.0657578,0.00390815,0.0643509,0.1272515,0.019889,0.03246865,0.1130245,0.01461197,0.01097009
64.0,0.0914025,0.00652857,0.03882225,0.1639775,0.019027645,0.04404845,0.05593745,0.00918252,0.0857338,0.04434825,0.06299025,0.062618,0.0554256,0.0577902,0.04402005,0.0339833,0.04218735,0.01650015,0.016398625,0.0490777
65.0,0.11611015,0.022983,0.02285615,0.0209292,0.02148805,0.03115205,0.0327876,0.02003715,0.02251495,0.017234645,0.03814095,0.0165076,0.4882965,0.01418872,0.011143945,0.01989005,0.016039325,0.0146495,0.0309867,0.0220638
66.0,0.009916555,0.02300845,0.01472405,0.01575075,0.0440394,0.00844597,0.0354821,0.07844505,0.02422625,0.415249,0.0440776,0.0272978,0.02437505,0.02213885,0.02877895,0.0159938,0.0274339,0.07220065,0.04065055,0.0277653
67.0,0.04696205,0.01074168,0.1245415,0.09390965,0.03365785,0.02289505,0.024993945,0.0770888,0.01845675,0.069078,0.09553885,0.0135268,0.024886,0.0675435,0.05555725,0.0331965,0.04475745,0.06954525,0.02878025,0.04434315
68.0,0.00894792,0.014941835,0.02666405,0.03925125,0.0451992,0.03907575,0.01362985,0.0474233,0.011298025,0.5032065,0.03399965,0.02459325,0.00984261,0.011129445,0.0489234,0.0420979,0.01576126,0.0231948,0.0272732,0.013546855
69.0,0.0350413,0.01167957,0.06609605,0.07678035,0.0354026,0.1622385,0.08900645,0.00781649,0.07418755,0.06062385,0.04853185,0.0502111,0.014116225,0.09130725,0.07527415,0.03571695,0.02342925,0.00967674,0.009629655,0.02323355
70.0,0.06592985,0.00965123,0.01430469,0.04796295,0.02282257,0.09003785,0.017857175,0.0400392,0.0600395,0.02891375,0.0439837,0.03019665,0.1269235,0.0391184,0.0430677,0.04117685,0.18069605,0.01988643,0.03551445,0.041877685
71.0,0.01787705,0.551085,0.014515855,0.01679775,0.0357828,0.011715115,0.01505385,0.0183977,0.02231025,0.01580315,0.10265825,0.015980015,0.009014315,0.0195185,0.0287272,0.013465995,0.009591135,0.0292365,0.02186625,0.03060325
72.0,0.0480666,0.02679205,0.07337785,0.0456473,0.00785031,0.08336165,0.0261279,0.005445225,0.0310213,0.005969255,0.0414415,0.1885965,0.005820355,0.0663247,0.0237733,0.164978,0.129362,0.004847975,0.012017465,0.00917909
73.0,0.00616334,0.0235848,0.00547663,0.007080015,0.0936122,0.006386925,0.009234255,0.2563215,0.00749112,0.2022585,0.07574315,0.009120695,0.05452135,0.0139302,0.00641947,0.00368727,0.01978175,0.179342,0.014297,0.005548165
74.0,0.04611455,0.04675995,0.00384824,0.0160161,0.0153867,0.0277025,0.0297207,0.1395962,0.02514355,0.100179,0.0486992,0.0337687,0.06046095,0.02576755,0.0195929,0.0368766,0.1587445,0.1312987,0.011983295,0.0223405
75.0,0.1052225,0.018156,0.0198882,0.03995295,0.015319425,0.530117,0.014035755,0.010076075,0.02924745,0.01408871,0.0319351,0.01631975,0.008520695,0.01808275,0.022875955,0.0170113,0.011070775,0.0389059,0.02526525,0.01390855
76.0,0.01130371,0.04190975,0.0183944,0.02374145,0.02058915,0.03770275,0.0192248,0.0255899,0.02770205,0.038727,0.022579,0.02753825,0.008031285,0.024578875,0.015593985,0.012946615,0.01364155,0.03792345,0.5475305,0.02475105
77.0,0.01493026,0.01208108,0.02668647,0.0147445,0.03506175,0.0180085,0.0225102,0.028020105,0.01302023,0.4110925,0.0674426,0.0178647,0.04698005,0.0119153,0.0176211,0.107696265,0.01009446,0.09326475,0.01872085,0.012243895
78.0,0.02537475,0.01340735,0.010084885,0.0138231,0.0214299,0.005811255,0.00886876,0.128478,0.00958947,0.424797,0.04586845,0.0294562,0.06463265,0.013266495,0.0397718,0.013824865,0.03251845,0.03033475,0.03534495,0.03331725
79.0,0.0699939,0.0145644,0.01058618,0.02482955,0.01113165,0.6109865,0.01262888,0.00861568,0.0213493,0.006765885,0.0241859,0.0156938,0.01409945,0.02275745,0.024911095,0.010240525,0.0110877,0.04748505,0.02390865,0.0141785
80.0,0.04143495,0.01438095,0.0407761,0.01767155,0.008869375,0.0108573,0.17299,0.02822635,0.0300799,0.012017,0.01320922,0.4125785,0.00301081,0.0174302,0.015933745,0.0886403,0.0317429,0.0145364,0.0142877,0.01132718
81.0,0.01634425,0.02268331,0.0261076,0.03026975,0.01180608,0.01266045,0.14219585,0.01218725,0.0175056,0.02953185,0.0206683,0.01233905,0.5222835,0.014558805,0.01307311,0.0235954,0.02547615,0.017730495,0.01595836,0.01302455
82.0,0.10287755,0.0240699,0.05836665,0.180963,0.0284811,0.058286,0.01975075,0.0223475,0.02544255,0.0445931,0.04869885,0.089633,0.002096405,0.0442078,0.005985425,0.03694035,0.0421265,0.02458875,0.0371414,0.103403
83.0,0.01322863,0.5624965,0.0194778,0.0189922,0.03722555,0.02850699,0.013477215,0.01541527,0.0185388,0.005212105,0.0274264,0.0269296,0.0132341,0.0177926,0.03520445,0.019151,0.016449485,0.02596445,0.0574254,0.027851505
84.0,0.0276742,0.0267525,0.406945,0.1808695,0.01344695,0.0280488,0.021044,0.010858415,0.00848168,0.0256343,0.0230758,0.03440395,0.010187165,0.03928775,0.007010015,0.01771505,0.04797035,0.017269595,0.015770955,0.03755385
85.0,0.05399585,0.01192983,0.0990241,0.06786625,0.04029675,0.02898785,0.08161345,0.06724135,0.0137449,0.08375265,0.04243305,0.03556145,0.03585605,0.04903955,0.0243786,0.05827935,0.03435485,0.04803905,0.02480859,0.0987961
86.0,0.0321944,0.0215702,0.0378096,0.01487136,0.01476375,0.011081365,0.02231445,0.1569805,0.01278016,0.4185635,0.0511296,0.010973865,0.0228014,0.03012365,0.0281581,0.01462995,0.02855485,0.02989955,0.0225971,0.0182024
87.0,0.0423169,0.007337395,0.018573315,0.08130095,0.03611105,0.0216526,0.03126365,0.13299105,0.04144915,0.1501,0.1073528,0.01829887,0.009317705,0.06628735,0.00488452,0.0298782,0.0260755,0.04289175,0.10545315,0.02646395
88.0,0.0434982,0.001911867,0.08959975,0.0611401,0.0909727,0.07451585,0.04550495,0.0690425,0.02803,0.0981055,0.0477127,0.04587635,0.05759135,0.017488805,0.02070195,0.03852445,0.04538635,0.04111795,0.019204253,0.06407475
89.0,0.0622972,0.01122177,0.0458556,0.06528985,0.0877574,0.025498585,0.05346385,0.10948005,0.0507933,0.0566387,0.07144485,0.03185645,0.02581335,0.04705295,0.0219142,0.04954985,0.09231145,0.0377699,0.01482,0.0391709
90.0,0.0329789,0.01104565,0.02386575,0.0874431,0.02979055,0.03957585,0.0944504,0.0482581,0.0458311,0.05332875,0.064715,0.0987248,0.00924722,0.0460401,0.0889155,0.04077665,0.04604895,0.06810535,0.019815275,0.05104295
91.0,0.0231981,0.006359575,0.06640945,0.05734825,0.0462323,0.0436965,0.05939735,0.05543575,0.03023205,0.0289623,0.1087421,0.04652275,0.04404225,0.1026179,0.0226495,0.0737219,0.05904165,0.0384033,0.02604765,0.06093935
92.0,0.01107933,0.0857779,0.0632271,0.023281485,0.1845205,0.01718965,0.01563415,0.02049496,0.0365732,0.04844725,0.02167125,0.0200657,0.0119165,0.02166745,0.020557795,0.01103803,0.010532505,0.01339596,0.341672,0.021257335
93.0,0.1011494,0.0236727,0.02272615,0.0194768,0.0294464,0.1688735,0.0150453,0.008909405,0.009191125,0.00712448,0.01960195,0.01019864,0.0265793,0.0246941,0.007809,0.4125065,0.014693865,0.00914279,0.04418605,0.02497285
94.0,0.010850575,0.03695021,0.0261475,0.01025692,0.0427299,0.0161567,0.0315451,0.007708685,0.01935625,0.011552375,0.0193045,0.023338515,0.01212045,0.02464125,0.01610661,0.0282183,0.01820415,0.012380805,0.01927595,0.6131555
95.0,0.00801311,0.03788465,0.013403955,0.01181234,0.0306217,0.009499015,0.0159069,0.4383855,0.01031586,0.07513975,0.0240812,0.02750556,0.007638795,0.02031115,0.00918811,0.02283755,0.0230872,0.174191,0.02819705,0.0119801
96.0,0.0741527,0.02300345,0.02521075,0.030724,0.0107089,0.0116303,0.03073795,0.19563255,0.01274214,0.02686605,0.02551955,0.0144223,0.00885158,0.0162059,0.005849145,0.008912365,0.02034595,0.4218905,0.0238843,0.01271035
97.0,0.01157327,0.01585234,0.04450475,0.4212195,0.03516815,0.0315634,0.012113725,0.0823025,0.02345338,0.0282256,0.02764955,0.01259637,0.013353845,0.0833506,0.008649415,0.01895255,0.019719,0.075547,0.01884455,0.01536035
98.0,0.102505,0.00861316,0.077047,0.08919915,0.009972995,0.0251231,0.04725765,0.018396625,0.02794705,0.052726,0.008152825,0.02700647,0.0294271,0.14783635,0.06548765,0.08469515,0.0739697,0.0458659,0.03580413,0.02296726
99.0,0.0787433,0.003841395,0.0497595,0.0575677,0.03397955,0.06377915,0.0777794,0.05279265,0.02707165,0.0414983,0.0518224,0.0307862,0.0927559,0.0628617,0.0345185,0.03271435,0.0310209,0.0596596,0.07503195,0.04201625
100.0,0.04121855,0.02641295,0.183157,0.042665265,0.0936719,0.1108305,0.02365585,0.036085965,0.025461,0.0537656,0.029778,0.1033712,0.007718215,0.0332016,0.05629455,0.045852,0.02158275,0.02368612,0.0193649,0.02222645
101.0,0.0574084,0.0334781,0.010212765,0.0163023,0.022096245,0.09831345,0.00753615,0.00884222,0.004213325,0.002901015,0.0156033,0.1008859,0.10489765,0.1647675,0.0077296,0.1257185,0.08931005,0.0834807,0.0188201,0.027482325
102.0,0.0403062,0.02818153,0.062190975,0.1330255,0.0252477,0.0360987,0.05703825,0.0905844,0.03117055,0.03883335,0.03687655,0.05312185,0.0615055,0.0737389,0.02567945,0.03092605,0.05411775,0.0711891,0.026123845,0.02404395
103.0,0.0365584,0.03765345,0.01641377,0.11232395,0.1008202,0.0109612,0.1438105,0.052588045,0.0255768,0.042441,0.02202985,0.06677705,0.00285842,0.05166725,0.01607925,0.03273485,0.0223278,0.0543994,0.0855248,0.0664549
104.0,0.07477565,0.0187013,0.03089095,0.03411435,0.020854895,0.4413255,0.02889235,0.00753282,0.04695895,0.00658479,0.0256494,0.02991995,0.0185396,0.0122768,0.03055975,0.0686361,0.010701265,0.02732015,0.03520655,0.03055915
105.0,0.148834,0.0400977,0.01463974,0.07568885,0.04477565,0.01180175,0.0136273,0.0162338,0.009364105,0.0883999,0.02349496,0.0304403,0.1688445,0.0429536,0.00350806,0.0771512,0.02195965,0.12486,0.0161161,0.02720765
106.0,0.0180811,0.594649,0.01478011,0.013792395,0.0209419,0.010732665,0.0158027,0.016883,0.0222871,0.0082976,0.05899035,0.016744655,0.0105877,0.01335149,0.0164222,0.025717,0.01604205,0.01021181,0.0513635,0.0443217
107.0,0.0207434,0.023751825,0.01768769,0.01340715,0.0755637,0.01484405,0.02869095,0.02541445,0.01310895,0.01991925,0.03400765,0.02590825,0.01218899,0.02019787,0.01177295,0.0165545,0.0252172,0.02804845,0.0506351,0.5223375
108.0,0.0193001,0.015838685,0.016405275,0.0233571,0.013334355,0.011834105,0.02176565,0.011971005,0.01373665,0.0441837,0.01994555,0.015120995,0.5630065,0.023456145,0.01493125,0.0185903,0.02363255,0.05878,0.0471795,0.023630445
109.0,0.01369395,0.0331599,0.01592525,0.0655545,0.0281132,0.5322525,0.010630365,0.013231345,0.0189475,0.005574685,0.0523747,0.0137765,0.01426725,0.01447185,0.03177855,0.01631415,0.0154356,0.03769855,0.0408404,0.02595955
110.0,0.08051225,0.021267535,0.143177,0.0962232,0.024193975,0.0546735,0.02695055,0.0403049,0.0303976,0.0530754,0.03418395,0.0599361,0.062679,0.035049205,0.0220668,0.0475723,0.04590775,0.0550928,0.019584895,0.0471513
111.0,0.00467961,0.01305548,0.013028395,0.00960221,0.0788115,0.004320745,0.02888055,0.1829895,0.00831716,0.270677,0.07122045,0.01227809,0.008877125,0.011498135,0.00721508,0.0090345,0.0483152,0.10915865,0.10015305,0.0078872
112.0,0.1183006,0.0432657,0.04080145,0.0256209,0.05800695,0.0529788,0.08589815,0.0576835,0.03508375,0.0408186,0.0525338,0.05147945,0.002110595,0.05972905,0.022198,0.0822313,0.0700218,0.023848905,0.02679929,0.05058895
113.0,0.11817805,0.0138707,0.233779,0.09312825,0.02501825,0.0180794,0.07201635,0.004418335,0.008494165,0.0731607,0.0553828,0.06287455,0.009194565,0.07160695,0.005598285,0.0678296,0.00770372,0.00464485,0.02377925,0.0312422
114.0,0.04610825,0.021979625,0.014614895,0.010018835,0.04675205,0.0355886,0.02048605,0.133838,0.0098038,0.0805157,0.05699695,0.02847765,0.03644035,0.0476256,0.01337605,0.10711345,0.0515548,0.02894025,0.01769117,0.192078
115.0,0.09950465,0.02161735,0.022098805,0.3044875,0.0382789,0.0505828,0.04650235,0.00680051,0.02281445,0.010260615,0.02482395,0.007604945,0.09897445,0.14541,0.00615785,0.019491305,0.00725093,0.02218925,0.01998865,0.02516135
116.0,0.0199912,0.013714035,0.03213765,0.507886,0.0243916,0.02440975,0.022475415,0.0341942,0.05263915,0.007626495,0.0414759,0.02490765,0.0205994,0.021812,0.01025303,0.016197095,0.0492918,0.01325103,0.04955045,0.01319597
117.0,0.012861,0.0156919,0.02538715,0.013014635,0.03303265,0.00902743,0.008449595,0.0552559,0.01309055,0.582355,0.0547507,0.0137174,0.0235314,0.04081365,0.009255745,0.006397645,0.0126255,0.0251031,0.0220055,0.0236333
118.0,0.01315705,0.0285406,0.006595625,0.011333945,0.0897391,0.010962875,0.11541005,0.0571582,0.05733675,0.03190585,0.02666332,0.020849,0.005677805,0.01016681,0.230541,0.01088328,0.0369407,0.03933845,0.05039735,0.1464025
119.0,0.0272874,0.0233116,0.0385513,0.4743625,0.02676475,0.023021305,0.0295754,0.01558081,0.0815694,0.013628155,0.03568785,0.03077705,0.00691787,0.02393435,0.0217172,0.0291078,0.01304285,0.01413141,0.03963675,0.03139425
120.0,0.02514295,0.02136755,0.02162355,0.02268545,0.0259608,0.012720095,0.117568,0.02054593,0.0316179,0.02186315,0.02855725,0.02497685,0.00609484,0.3454295,0.08863025,0.0426229,0.04008745,0.019056,0.0359382,0.0475117
121.0,0.0155856,0.014015355,0.0226269,0.015708315,0.03476635,0.004972975,0.01936475,0.16683825,0.01808725,0.4385475,0.03971865,0.01157738,0.0098784,0.02009855,0.00761506,0.05824776,0.01262,0.04865985,0.02754715,0.01352377
122.0,0.05313655,0.05882325,0.01414407,0.03945995,0.0641359,0.14171435,0.03922345,0.04779967,0.0260567,0.03033485,0.0471184,0.0666691,0.006179155,0.05003655,0.03090985,0.1112557,0.08408305,0.0325878,0.016940035,0.0393916
123.0,0.0857467,0.01418295,0.0433179,0.0768232,0.0469635,0.0839955,0.01902835,0.05253905,0.00992175,0.058858,0.0469073,0.01818555,0.008939915,0.08924195,0.0365328,0.1391005,0.04208475,0.05851535,0.015489545,0.05362625
124.0,0.1263985,0.04739545,0.007922535,0.010285805,0.04132795,0.007590455,0.007641725,0.18450625,0.00977985,0.05072935,0.04075715,0.00943702,0.00363825,0.007558065,0.004612601,0.04535825,0.1805145,0.179674,0.01897535,0.015897065
125.0,0.03162685,0.00977143,0.06698995,0.0586187,0.0567507,0.04524205,0.014334145,0.08990485,0.04504325,0.09205405,0.02979315,0.03287505,0.01053135,0.06253085,0.0551023,0.08208155,0.0955856,0.0488826,0.024084,0.04819765
126.0,0.05494915,0.01094617,0.0825804,0.0720035,0.04033465,0.0466536,0.026306415,0.0102181,0.08118,0.0517056,0.02954975,0.0305788,0.008623225,0.1335225,0.05985505,0.09459635,0.0611395,0.0504705,0.015435515,0.03935135
127.0,0.1198923,0.013045305,0.0099243,0.00684103,0.05624435,0.0283086,0.02781875,0.0961901,0.0146261,0.167705,0.1304224,0.00456441,0.005818625,0.01673925,0.003722335,0.039112,0.07515665,0.0622772,0.0903117,0.03127965
128.0,0.02968515,0.011226315,0.0990873,0.2904095,0.0112286,0.0134469,0.0707709,0.03419245,0.04399385,0.0231459,0.0766415,0.02635265,0.01164829,0.0201784,0.00982464,0.0564737,0.06774605,0.054534,0.0175993,0.03181445
129.0,0.0157942,0.02708335,0.0268186,0.02581815,0.0218165,0.0312504,0.02542515,0.036247,0.08651595,0.0129228,0.03823355,0.02019065,0.03188435,0.01936365,0.482349,0.0133571,0.02250325,0.0170411,0.02812605,0.01725935
130.0,0.01915125,0.02207045,0.02740625,0.02359945,0.4236335,0.02558625,0.02306745,0.06144085,0.02358665,0.03122895,0.03266625,0.01934135,0.01774798,0.02223445,0.011100415,0.02499559,0.0194192,0.0396001,0.04257045,0.0895534
131.0,0.0604421,0.0305698,0.0412351,0.3039465,0.01839615,0.01661936,0.0161944,0.0217023,0.05128475,0.029024,0.0294476,0.03913505,0.11181465,0.0472917,0.0127699,0.02754705,0.03718875,0.05540415,0.03055505,0.019431455
132.0,0.056123,0.0335338,0.0234028,0.02246385,0.0455781,0.0133894,0.0180476,0.308484,0.0261121,0.12347705,0.1212055,0.031919,0.011398675,0.01541067,0.01299985,0.00984153,0.01988625,0.04223465,0.03618535,0.02830585
133.0,0.02204115,0.03641405,0.03377515,0.01892515,0.4621785,0.008304855,0.01791075,0.030656,0.02695125,0.02334595,0.10954755,0.016049695,0.007812585,0.015173515,0.00962679,0.019457125,0.012872125,0.017880285,0.0330358,0.0780417
134.0,0.04108315,0.008265675,0.2431515,0.08812285,0.019641405,0.02640782,0.019564885,0.009511905,0.078944,0.00679604,0.00977843,0.0873328,0.140719,0.05215875,0.02560475,0.0701688,0.02396205,0.0170422,0.0124648,0.01927926
135.0,0.06047275,0.01878665,0.0493304,0.05526105,0.12741455,0.0373035,0.0200793,0.0180977,0.0950291,0.07159155,0.0309062,0.01124891,0.0395761,0.0417202,0.0284928,0.05446645,0.0519853,0.0737993,0.0430797,0.07135875
136.0,0.11800915,0.00287408,0.11897885,0.1630385,0.0239541,0.0505977,0.03851925,0.0312309,0.009558185,0.03431825,0.04071165,0.09456295,0.0195676,0.0220342,0.003072575,0.0776902,0.0644253,0.04175155,0.024809765,0.02029505
137.0,0.063044,0.0058859375,0.025859995,0.05675255,0.03301415,0.10679015,0.0299603,0.07651305,0.01542615,0.0564234,0.0538523,0.14687185,0.02192885,0.0443835,0.02597075,0.0671216,0.0364693,0.03434515,0.0386509,0.06073585
138.0,0.2236645,0.01297195,0.00543397,0.005132725,0.03682095,0.0386761,0.03262975,0.0230344,0.0221802,0.01153115,0.0465839,0.03467615,0.0026073205,0.0653348,0.01614441,0.08569445,0.0953053,0.0654812,0.1477155,0.02838118
139.0,0.0113334,0.0345837,0.00994303,0.011798415,0.164586,0.01926455,0.0265356,0.00869571,0.00984812,0.01726595,0.0463913,0.00861063,0.004342335,0.01021655,0.00951459,0.00538169,0.010289885,0.01368941,0.4575215,0.1201876
140.0,0.0305093,0.03314254,0.0248433,0.0862907,0.025975785,0.04282335,0.0099897,0.0405116,0.0192825,0.0352788,0.0842177,0.0318424,0.1956635,0.1121192,0.0381338,0.060209,0.06131875,0.0413192,0.0107777,0.01575145
141.0,0.00846273,0.02000555,0.02592115,0.02614445,0.009142905,0.01786157,0.0440561,0.0213327,0.02528565,0.02475805,0.01522564,0.574086,0.020659245,0.04063965,0.0145025,0.02993515,0.0113133,0.012521995,0.02677515,0.0313702
142.0,0.017544,0.005484275,0.01219416,0.011922275,0.09697625,0.00291613,0.1801825,0.0179387,0.005661225,0.0233585,0.0422229,0.07347335,0.00367494,0.0380665,0.01229805,0.0804205,0.07762425,0.04294945,0.01918295,0.235908
143.0,0.02491025,0.011622405,0.03702545,0.0238909,0.01683583,0.2221315,0.01290955,0.035069745,0.1136003,0.010379895,0.0174979,0.010684095,0.014629935,0.01666375,0.007729245,0.0412244,0.351526,0.00635671,0.014554095,0.0107576
144.0,0.08090625,0.02523385,0.1750165,0.2760645,0.0903995,0.0234688,0.01871085,0.0231034,0.00743933,0.01668147,0.0340361,0.0416041,0.0042593,0.02747355,0.007550265,0.0323592,0.0159244,0.0211312,0.05255815,0.02607935
145.0,0.06322585,0.01039383,0.0688188,0.07591655,0.0698994,0.04648705,0.06257815,0.01732775,0.01818455,0.01967333,0.0385287,0.07125825,0.02788065,0.1378394,0.0337239,0.0174549,0.01902685,0.0622415,0.014514,0.125027
146.0,0.0606587,0.01609215,0.04774635,0.0424143,0.03049685,0.284239,0.04664865,0.0421213,0.05878195,0.03340165,0.0213547,0.04861805,0.0230902,0.0451452,0.030243,0.0314294,0.03306435,0.0340119,0.04432405,0.02611845
147.0,0.0503419,0.0037571,0.02260595,0.0244655,0.01505165,0.018787485,0.03733455,0.1797325,0.05494985,0.025120575,0.03305995,0.04272705,0.016819965,0.01806735,0.051549465,0.1059077,0.1687205,0.10333905,0.0091929,0.0184689
148.0,0.01328363,0.02020235,0.01198972,0.017563555,0.00815321,0.01128601,0.02877956,0.02749981,0.0166088,0.00632172,0.0246861,0.02125485,0.01409538,0.01387095,0.00695823,0.49426,0.206858,0.0146968,0.0207341,0.020896625
149.0,0.1956805,0.00723055,0.01102795,0.01693335,0.10454685,0.032798195,0.02061445,0.02097155,0.008189425,0.06699565,0.02246915,0.02376475,0.007429325,0.113378,0.004238795,0.1575535,0.04510695,0.0312252,0.06962095,0.04022455
150.0,0.193605,0.03777175,0.022295995,0.019082,0.02941475,0.0286753,0.03281025,0.0108589,0.03348725,0.1192637,0.0484514,0.02509855,0.00969517,0.021944445,0.0232742,0.238211,0.0554035,0.0219357,0.011294515,0.01742645
151.0,0.029400985,0.4684585,0.02587615,0.02790126,0.0371008,0.03823975,0.01805745,0.01068241,0.02977075,0.01987616,0.02055085,0.0136131,0.030566,0.0228684,0.019985,0.0397615,0.0272807,0.0238242,0.040855,0.055331
152.0,0.0263665,0.00958069,0.0165097,0.0782799,0.02695443,0.07211445,0.03745679,0.07651,0.0402907,0.0410697,0.02195505,0.099874,0.0946917,0.07759315,0.0407768,0.0344752,0.08846605,0.0482651,0.01364014,0.055129705
153.0,0.12249425,0.0301242,0.08555835,0.06369085,0.018907315,0.007692165,0.04251015,0.0460163,0.019788355,0.0214061,0.06060239,0.047968545,0.00769422,0.04735165,0.0489219,0.06595415,0.1220105,0.07531725,0.03643835,0.0295532
154.0,0.05662815,0.00430924,0.011486795,0.0551873,0.0299024,0.0565072,0.0628055,0.06574495,0.0412622,0.0676717,0.04046915,0.0794628,0.002427795,0.0728076,0.05611315,0.0550113,0.05056365,0.0587603,0.0213818,0.11149715
155.0,0.1028451,0.0161371,0.13475665,0.070644,0.013423245,0.09155545,0.0516969,0.007524375,0.0568317,0.008072075,0.0592262,0.05790635,0.00637025,0.09108985,0.0214191,0.1083729,0.03428965,0.02034486,0.022975,0.024520205
156.0,0.03253385,0.006415165,0.06783735,0.0914455,0.02188013,0.0874957,0.061152,0.06293375,0.0490944,0.0368373,0.0639032,0.05023076,0.007350695,0.05300395,0.02078675,0.0613012,0.13347115,0.044694,0.01110965,0.036523
157.0,0.1398653,0.00505293,0.02956914,0.01921553,0.012739995,0.010076325,0.07590535,0.0340011,0.0622652,0.1063961,0.0660244,0.01764885,0.100121,0.05575365,0.0185396,0.0568489,0.1065733,0.0156691,0.01387255,0.0538614
158.0,0.0907442,0.008555825,0.0793921,0.12809005,0.012834565,0.1475945,0.08096125,0.00784809,0.0444253,0.01720446,0.03095515,0.03208865,0.007692275,0.0918855,0.011031315,0.106679,0.06930785,0.00682915,0.016070095,0.009810645
159.0,0.021649275,0.02538065,0.02370284,0.01462851,0.522284,0.019273735,0.03936735,0.0127814,0.01448525,0.0143028,0.09609575,0.0156997,0.01357895,0.011282165,0.0113843,0.01947275,0.0147023,0.0343366,0.0357122,0.03987985
160.0,0.00806789,0.02423389,0.03306495,0.0294441,0.171788,0.008955665,0.04867825,0.01261495,0.00910285,0.011339145,0.019663635,0.0163792,0.01224375,0.0217808,0.007833145,0.011270935,0.02175645,0.00948412,0.0356201,0.486678
161.0,0.0173687,0.0203411,0.01414865,0.0201858,0.00934872,0.02843195,0.1286255,0.008570145,0.152327,0.006105175,0.017298995,0.1235344,0.00633182,0.02112634,0.2714475,0.08862535,0.0271228,0.00716366,0.0146278,0.01726835
162.0,0.010901835,0.02048935,0.04234545,0.01658305,0.012594865,0.008030365,0.0397823,0.027827625,0.04863245,0.004624265,0.01931435,0.577221,0.007526435,0.01760015,0.00606946,0.03440795,0.05502715,0.009517995,0.0225202,0.018984
163.0,0.005156845,0.0234477,0.01259046,0.011328265,0.05072515,0.009512125,0.011861955,0.202191,0.0141129,0.3600885,0.1004708,0.01372482,0.00857194,0.0130827,0.00531486,0.0194297,0.007146915,0.09164895,0.0299791,0.00961533
164.0,0.04959235,0.0177923,0.0201988,0.0231684,0.0874046,0.04361585,0.05143475,0.0401413,0.01801305,0.266549,0.0298999,0.04216265,0.007940575,0.0230251,0.01450205,0.0266813,0.010348655,0.15378775,0.02275935,0.0509822
165.0,0.01451625,0.0384792,0.01629335,0.0219386,0.02574085,0.0162318,0.024650685,0.01024419,0.01185549,0.0177087,0.03478245,0.0126226,0.01739615,0.015438,0.0582726,0.02229385,0.01462495,0.0132199,0.6025205,0.01116975
166.0,0.01301015,0.01840075,0.00793847,0.011440445,0.005273665,0.005558155,0.00524041,0.2135625,0.00913308,0.2550935,0.027334875,0.01187135,0.0239896,0.015524195,0.00508993,0.002837295,0.02396405,0.321236,0.01416855,0.00933306
167.0,0.024313225,0.03083395,0.01620885,0.02289745,0.03183055,0.0642514,0.02555305,0.0346207,0.03624975,0.0978446,0.0402035,0.02340485,0.003350525,0.0803417,0.03224045,0.0543833,0.229894,0.02994175,0.0121628,0.1094735
168.0,0.1452024,0.03180905,0.00298715,0.0606421,0.009654545,0.07885525,0.03944195,0.020982,0.0804597,0.03580065,0.05084835,0.02864315,0.006287385,0.0755775,0.0625551,0.10497925,0.0757767,0.0782339,0.008163045,0.00310023
169.0,0.10875595,0.0134963,0.0391428,0.0527706,0.04538105,0.02439915,0.04183565,0.0307926,0.08021545,0.0530943,0.09237145,0.0559784,0.005285005,0.0382746,0.0855898,0.0654817,0.03592715,0.0250935,0.02841335,0.07770155
170.0,0.05873525,0.004732855,0.0970146,0.07407145,0.06060385,0.07839285,0.03017855,0.0132357,0.01736255,0.0718557,0.04163705,0.142523,0.00475953,0.0935617,0.005725125,0.0868343,0.05386255,0.01623225,0.010276025,0.038405
171.0,0.0500759,0.00653549,0.155119,0.287931,0.006560065,0.01693025,0.02197765,0.06253225,0.00711523,0.01808085,0.0312139,0.0433815,0.05269755,0.03840055,0.003410165,0.05463595,0.0691669,0.0460524,0.007105965,0.021077615
172.0,0.0242576,0.00183264,0.132171,0.10812895,0.0621058,0.02095025,0.054635,0.03120145,0.00462527,0.03204035,0.0214635,0.0789916,0.01172066,0.02520185,0.010488295,0.05202735,0.08058505,0.11419055,0.0501438,0.0832392
173.0,0.008405615,0.0253862,0.05070755,0.01895605,0.0904008,0.01058953,0.0259454,0.01321188,0.01088945,0.007991485,0.0343641,0.03122995,0.00772764,0.01365014,0.01005399,0.016212635,0.011165835,0.007419895,0.180581,0.4251105
174.0,0.07307575,0.019340355,0.05771185,0.05058795,0.01947125,0.06768625,0.05210535,0.03225945,0.0955561,0.0425342,0.06429375,0.0426469,0.02992825,0.05022263,0.0512764,0.08000975,0.03863355,0.04517035,0.0237181,0.06377175
175.0,0.0354131,0.01498087,0.01737885,0.0325865,0.06051885,0.01985205,0.131505,0.04480275,0.05687305,0.0907119,0.0846479,0.02898345,0.0641461,0.05251985,0.0262389,0.04111945,0.06536435,0.0452379,0.02128355,0.0658358
176.0,0.145053,0.01531785,0.003960995,0.00526439,0.0416781,0.00620587,0.020333285,0.1083002,0.00478126,0.1042077,0.056756865,0.006743925,0.00252961,0.005752795,0.003791845,0.0394984,0.10288515,0.2834625,0.021522915,0.02195315
177.0,0.1420965,0.010384455,0.02378505,0.056895,0.0632099,0.02448445,0.05716035,0.0375614,0.024812,0.1036389,0.02293855,0.0284922,0.00294385,0.02286457,0.02023395,0.08662565,0.10077215,0.07173515,0.05300075,0.046365
178.0,0.0666331,0.018386,0.025394,0.03806616,0.07457025,0.0747275,0.014428655,0.02474945,0.044534715,0.02695355,0.04507535,0.1036751,0.01758845,0.0775655,0.01858575,0.15815115,0.0736029,0.0725542,0.009093375,0.01566504
179.0,0.05772985,0.010479765,0.03321775,0.1145932,0.0677168,0.03038205,0.02497785,0.02691975,0.03656005,0.03248185,0.0440906,0.0733642,0.00853047,0.05114975,0.0354375,0.09786315,0.0663321,0.07435,0.06349595,0.05032755
180.0,0.00736971,0.03030659,0.0236149,0.010946645,0.15229,0.005552345,0.0232955,0.00880622,0.01515225,0.008123375,0.0264941,0.017813855,0.02263383,0.012664715,0.00562281,0.00966503,0.006994965,0.0076237,0.2320575,0.372972
181.0,0.04897565,0.04857255,0.020855165,0.02205835,0.05563595,0.008784655,0.03054245,0.0487117,0.03450205,0.04296345,0.07822635,0.03668085,0.00939276,0.0811029,0.0409647,0.0338691,0.1073606,0.0740482,0.1226065,0.0541463
182.0,0.018139405,0.0725742,0.03054435,0.0269554,0.0247422,0.009319155,0.03700155,0.018978075,0.04998585,0.00761744,0.0247827,0.519679,0.0133316,0.015082815,0.00850891,0.039644615,0.02536435,0.010887835,0.0262496,0.02061165
