beta = 0.823022
kappa = 2.35501
omega = 0.280008
phiA = 0.257402
phiC = 0.271905
phiG = 0.278107