# POSITION WT SITE_ENTROPY PI_A PI_C PI_D PI_E PI_F PI_G PI_H PI_I PI_K PI_L PI_M PI_N PI_P PI_Q PI_R PI_S PI_T PI_V PI_W PI_Y
1 K 4.13229 0.032454 0.0739603 0.00921618 0.0216186 0.0778293 0.0216213 0.0435157 0.0740298 0.0591035 0.0853308 0.0476227 0.0635647 0.0280798 0.0501262 0.0270948 0.0510153 0.106143 0.0511353 0.0162055 0.0603332
2 A 4.11573 0.0863586 0.0312627 0.0487411 0.0288821 0.0532378 0.0106728 0.0252342 0.0609768 0.0196313 0.133778 0.0648764 0.074834 0.026303 0.0331281 0.042322 0.0425328 0.0358909 0.0716554 0.0370636 0.072619
3 K 4.22804 0.0961888 0.0507882 0.015378 0.0323074 0.0323614 0.0301446 0.037236 0.0403524 0.0743034 0.0540811 0.0603453 0.0546598 0.047599 0.0560664 0.0652437 0.0591272 0.066549 0.0557791 0.0381615 0.0333277
4 L 3.88426 0.122962 0.0992749 0.0183627 0.0273584 0.14597 0.0197605 0.0566767 0.0622206 0.0521212 0.139777 0.0350277 0.0160552 0.0129138 0.0221578 0.0145503 0.012706 0.0221753 0.0319521 0.0460806 0.0418965
5 L 3.91184 0.0419011 0.0362252 0.0232251 0.0136598 0.137127 0.00917294 0.0649688 0.081318 0.0127407 0.140285 0.0632507 0.0104752 0.0168408 0.0621199 0.0183131 0.042782 0.0182484 0.0494857 0.107333 0.0505282
6 V 3.91015 0.0359785 0.0950939 0.0110682 0.0307329 0.0959096 0.0110167 0.00916785 0.0756093 0.0409931 0.128355 0.0940117 0.0246509 0.00337946 0.0203084 0.0569358 0.011458 0.0382656 0.100478 0.0827259 0.0338615
7 L 3.70803 0.0419366 0.0356787 0.00921498 0.0124443 0.155274 0.0179942 0.0215005 0.095764 0.0160489 0.242499 0.0578847 0.0164695 0.0167639 0.0342812 0.0221305 0.044297 0.0265863 0.0612567 0.0478963 0.0240793
8 L 3.8187 0.0112216 0.103127 0.011412 0.0131343 0.0625302 0.0919374 0.0132467 0.0591316 0.0107972 0.167179 0.0954849 0.0248622 0.0208621 0.0145295 0.0227386 0.0145064 0.0198363 0.105042 0.061755 0.076666
9 Y 3.88896 0.0576856 0.0731466 0.0119662 0.00872688 0.151523 0.0156264 0.0293908 0.0961589 0.0766764 0.0710682 0.0604891 0.0124243 0.0074595 0.0154525 0.0163271 0.0971009 0.050496 0.0330958 0.0177552 0.0974304
10 A 4.03073 0.0793995 0.0534725 0.010191 0.0286269 0.120685 0.0238971 0.0433516 0.0671405 0.00956617 0.107356 0.0420572 0.0291532 0.0157481 0.0399388 0.0136871 0.0697481 0.0521815 0.101426 0.0583255 0.0340469
11 F 3.90097 0.0641333 0.101396 0.0130276 0.00921172 0.108575 0.0877193 0.0214748 0.082902 0.0106591 0.081856 0.0335305 0.0148102 0.0141374 0.0152892 0.0299395 0.104792 0.0238715 0.112948 0.0547393 0.0149873
12 V 3.95076 0.0767917 0.0366281 0.018641 0.0967821 0.0305866 0.0227392 0.0457849 0.067629 0.0204178 0.0201986 0.0403271 0.0242484 0.017248 0.0436769 0.0434507 0.115511 0.0493259 0.183903 0.0241724 0.0219364
13 A 4.11851 0.155998 0.0569825 0.0297349 0.068735 0.0441478 0.0360269 0.0363678 0.0233116 0.0294797 0.0688547 0.0448816 0.0652007 0.022097 0.09338 0.0362488 0.0473592 0.0356966 0.0331865 0.0399318 0.0323784
14 T 3.71842 0.0529854 0.0746088 0.0215081 0.0237102 0.0129455 0.0247603 0.0144132 0.168045 0.0245483 0.00655292 0.0651782 0.0193061 0.0624713 0.0112738 0.0102433 0.0625543 0.194181 0.105197 0.0284502 0.0170675
15 D 3.96498 0.108166 0.0239677 0.172382 0.049673 0.0141178 0.0292019 0.0687121 0.0248076 0.0843695 0.0287456 0.0828557 0.027653 0.00578923 0.0241847 0.0761882 0.043118 0.029855 0.0324911 0.0343831 0.0393388
16 A 3.52528 0.369945 0.0300065 0.0530414 0.034327 0.0198669 0.0795389 0.0347814 0.0347578 0.0302559 0.0125463 0.0374908 0.0292447 0.0175452 0.029278 0.012596 0.0586963 0.0219142 0.0381602 0.0401653 0.0158421
17 D 3.41594 0.0342169 0.0173388 0.371546 0.0518371 0.0132935 0.0943143 0.018752 0.0124541 0.0297064 0.007714 0.0273666 0.0512746 0.0175862 0.0233835 0.0245365 0.0111596 0.0231867 0.0507551 0.0288289 0.0907496
18 T 3.85299 0.00549291 0.00618203 0.0131305 0.0418352 0.0167181 0.0037987 0.0539861 0.0446502 0.0697477 0.139039 0.0444301 0.0611927 0.0032087 0.130606 0.0788609 0.0870511 0.0819078 0.0593957 0.0117035 0.0470639
19 I 3.38287 0.0123848 0.0140195 0.0317139 0.0266369 0.0174381 0.00988128 0.0127749 0.368715 0.125947 0.0755738 0.0532448 0.0205853 0.0251933 0.0387396 0.0131586 0.0188142 0.0355951 0.0599945 0.0161811 0.0234094
20 C 3.02206 0.0159248 0.473179 0.123256 0.0122192 0.0325949 0.0104141 0.0129937 0.0109323 0.0314234 0.0187776 0.0259604 0.016289 0.0241264 0.0182984 0.0218629 0.0195429 0.0129589 0.0323804 0.0645172 0.0223482
21 I 3.33271 0.0271247 0.0224104 0.0654953 0.020702 0.0161584 0.00872949 0.0247537 0.397645 0.0311075 0.0791205 0.0278448 0.0290447 0.00740347 0.0169283 0.0107634 0.0205962 0.0245973 0.0839168 0.0204988 0.0651584
22 G 3.01188 0.0204161 0.0311455 0.0313107 0.0192833 0.0128861 0.470028 0.0192254 0.0132399 0.0193115 0.0169779 0.0232132 0.0185041 0.030351 0.0184882 0.0196503 0.149522 0.00926432 0.0324812 0.026993 0.0177086
23 Y 3.45191 0.015587 0.0333902 0.0153299 0.0204016 0.0982346 0.00399787 0.0286795 0.0231608 0.0329974 0.00852856 0.0465845 0.0114607 0.00449599 0.0617848 0.0107049 0.028343 0.126658 0.0471142 0.0595318 0.323015
24 H 3.73461 0.0713345 0.0273764 0.016521 0.0126795 0.00813484 0.0125477 0.242704 0.0427305 0.0634229 0.123658 0.0378074 0.0272031 0.0128862 0.0819175 0.0113556 0.0306007 0.0532318 0.0675703 0.014465 0.0418538
25 A 3.33515 0.328863 0.0596333 0.00907481 0.0277338 0.0142542 0.0142817 0.0122652 0.0145852 0.0112092 0.00682162 0.025355 0.0742967 0.00707099 0.0171101 0.00672638 0.0924573 0.0255305 0.118194 0.0184989 0.116038
26 N 2.98536 0.028688 0.0137828 0.0431293 0.0143626 0.0515617 0.0152821 0.0443325 0.0299348 0.0487078 0.00965946 0.0198371 0.506552 0.00840457 0.0136947 0.0393899 0.0448092 0.0179816 0.00732278 0.020944 0.0216224
27 N 3.01594 0.11264 0.0113395 0.0738677 0.026394 0.0194307 0.0194553 0.0115002 0.0122542 0.02745 0.00967399 0.0232957 0.456923 0.00758527 0.0176147 0.0101313 0.0259971 0.0150616 0.0139863 0.0874121 0.0179884
28 S 3.41466 0.100725 0.0471724 0.00690555 0.0492099 0.0129438 0.0295321 0.0296136 0.0099776 0.0416188 0.0093091 0.0229863 0.0844765 0.0140289 0.024322 0.0125712 0.359418 0.0767803 0.0215336 0.0293394 0.0175367
29 T 3.24601 0.0156873 0.0137045 0.014533 0.0222816 0.0156372 0.0186338 0.0499273 0.0185825 0.0175645 0.0100716 0.0292125 0.10917 0.0346438 0.0165132 0.00953229 0.0761962 0.379115 0.0102246 0.126665 0.0121041
30 D 3.48627 0.0292337 0.0127937 0.316146 0.0822173 0.0193399 0.0174333 0.0476253 0.0194601 0.0295735 0.0119321 0.0169653 0.0322769 0.00670972 0.109737 0.00907974 0.00752805 0.106253 0.0648039 0.0243662 0.0365263
31 T 3.58628 0.0263232 0.0242734 0.0127615 0.175264 0.0113338 0.0204195 0.015902 0.0315985 0.0153614 0.0697651 0.0601566 0.0299111 0.0157217 0.0290458 0.0750636 0.0417385 0.271686 0.0432835 0.021249 0.00914131
32 V 3.24365 0.0282537 0.0258786 0.0866031 0.0180964 0.0251528 0.0196282 0.0134343 0.104491 0.0570029 0.0703843 0.0219497 0.0111758 0.00689935 0.0209028 0.0102019 0.0297045 0.0115783 0.405284 0.0168143 0.0165647
33 D 3.22774 0.0179853 0.0163725 0.454879 0.0523268 0.0326922 0.0428181 0.0227837 0.014966 0.0135711 0.017307 0.0385445 0.0545734 0.0313247 0.0187116 0.0165252 0.0129276 0.0308429 0.0376023 0.0255649 0.0476809
34 T 3.04033 0.0281283 0.0196842 0.0192127 0.0172402 0.0187382 0.0129121 0.0297166 0.0319317 0.0399582 0.01421 0.0291573 0.0399611 0.0146752 0.0335984 0.0154092 0.0862216 0.494626 0.0150128 0.0168598 0.0227454
35 I 3.53459 0.0415182 0.038914 0.0119172 0.0133292 0.0411066 0.0154442 0.0121277 0.318523 0.0252688 0.0723673 0.130596 0.0143086 0.036331 0.0249846 0.0133688 0.0164595 0.0811264 0.0326814 0.0179822 0.0416447
36 L 3.63662 0.020227 0.0450755 0.0665022 0.0195692 0.0350775 0.00825609 0.00620332 0.0317141 0.0189868 0.0798994 0.0215927 0.0160461 0.0108274 0.0609609 0.124205 0.221376 0.15494 0.00577821 0.0184352 0.0343268
37 E 3.51679 0.117562 0.011817 0.0383052 0.301161 0.0217696 0.0286952 0.0264467 0.016637 0.0261018 0.00719344 0.0204419 0.0410066 0.00569417 0.140767 0.0344888 0.0578666 0.020357 0.0192639 0.0465114 0.0179131
38 K 3.4201 0.0278165 0.0271283 0.0167442 0.0372299 0.0143984 0.0682049 0.0273166 0.0136674 0.27274 0.0097381 0.0446087 0.0357478 0.0202072 0.0145551 0.245372 0.0117884 0.0555857 0.0147987 0.0225346 0.0198168
39 N 3.44962 0.0347643 0.0191514 0.0354324 0.0580336 0.0192591 0.0514639 0.0352471 0.013383 0.0726994 0.0095988 0.0301491 0.390378 0.0148426 0.0385851 0.0328666 0.0487488 0.0229812 0.0188623 0.0234161 0.0301377
40 V 3.45797 0.033392 0.0398025 0.0186865 0.0337997 0.0233795 0.0353046 0.0209269 0.116692 0.0211408 0.0358619 0.0460183 0.0467994 0.0146742 0.0355853 0.013516 0.00932194 0.0206288 0.371619 0.0437045 0.0191457
41 A 4.04532 0.0954887 0.102883 0.0247833 0.0275649 0.0678026 0.0355833 0.029507 0.0505516 0.0809548 0.0161979 0.0297534 0.0115998 0.120341 0.0241587 0.0463211 0.0250552 0.0397207 0.102839 0.0402949 0.0286
42 V 3.98246 0.068354 0.0391181 0.0363532 0.0440996 0.0321808 0.029158 0.0650324 0.0688891 0.0444902 0.011715 0.0537855 0.045037 0.0349346 0.0427404 0.0203014 0.0262172 0.0292213 0.225743 0.0410515 0.0415771
43 T 3.23042 0.0283159 0.0139778 0.0410317 0.0267136 0.0468742 0.0169467 0.0229789 0.0332692 0.0489235 0.0261566 0.0289238 0.0287965 0.00676585 0.024528 0.0146567 0.031011 0.459476 0.0417123 0.0354714 0.0234702
44 H 3.51771 0.0594289 0.0188625 0.0550815 0.0261431 0.0679505 0.0249863 0.332971 0.0109967 0.0113205 0.0220871 0.053594 0.0317209 0.0167112 0.0540156 0.0165962 0.117967 0.0120229 0.00935007 0.0275667 0.0306268
45 S 3.63386 0.0421327 0.0265601 0.0246559 0.0174495 0.0589654 0.0139281 0.066366 0.0240889 0.03432 0.0531578 0.03639 0.0373373 0.0225485 0.0245183 0.0140077 0.323942 0.0335174 0.0182467 0.101872 0.0259959
46 V 3.76598 0.0298049 0.0197908 0.0150829 0.0151215 0.0911078 0.0139168 0.0215139 0.0829244 0.0791315 0.0516746 0.048342 0.00854061 0.0050506 0.063867 0.0366787 0.015095 0.0418904 0.209487 0.0209922 0.129987
47 N 3.36673 0.00860164 0.0141673 0.0606506 0.0580648 0.0238278 0.0151709 0.0108955 0.0118054 0.0315881 0.00916934 0.0247074 0.363211 0.0344731 0.021888 0.0217699 0.112919 0.0992017 0.0161282 0.0466106 0.0151496
48 L 3.07664 0.00855513 0.0269681 0.0198782 0.0278668 0.088249 0.00974818 0.0207693 0.0594584 0.019005 0.479003 0.0320076 0.0155684 0.0398202 0.0366434 0.0185307 0.0144572 0.0168316 0.0175361 0.0227382 0.0263658
49 L 2.99923 0.025502 0.0252284 0.0812425 0.0143116 0.029492 0.0165095 0.0160112 0.0233395 0.0222055 0.503787 0.0380361 0.0114492 0.0222782 0.0196439 0.0103277 0.0300855 0.00954622 0.0487073 0.0261108 0.0261858
50 E 3.62734 0.172996 0.0758744 0.0465413 0.170217 0.0255269 0.0167369 0.0153761 0.0667227 0.0275512 0.0311855 0.0130892 0.00761005 0.00259514 0.0352635 0.0134085 0.00900934 0.0761102 0.158744 0.0122363 0.0232058
51 D 3.92034 0.103116 0.0127059 0.159316 0.0591304 0.00810267 0.0589165 0.0631243 0.0198988 0.0369625 0.0293274 0.0354842 0.0651782 0.005692 0.0127171 0.0180472 0.10369 0.080255 0.0520622 0.0189558 0.0573182
52 S 4.02869 0.0847405 0.00895229 0.0198786 0.160526 0.0438092 0.0711646 0.0506153 0.0276279 0.0404783 0.0403394 0.0594905 0.0445162 0.00182715 0.0677735 0.0474287 0.0695517 0.0627625 0.0485605 0.0221143 0.0278431
53 H 3.59127 0.0675999 0.0167858 0.0176173 0.0179247 0.01056 0.0138991 0.295544 0.0266688 0.0168767 0.00617788 0.0475413 0.0242796 0.0428042 0.0400878 0.0381109 0.0462181 0.133226 0.0259604 0.0226419 0.0894753
54 N 3.31025 0.0133387 0.014462 0.0408947 0.0246459 0.114167 0.0248236 0.0224782 0.0253283 0.0496465 0.00957354 0.0312605 0.393626 0.00990592 0.029794 0.0107543 0.0700462 0.0652095 0.0140012 0.0224488 0.0135958
55 G 3.75692 0.0425047 0.016486 0.033515 0.0621855 0.0339474 0.258864 0.0682704 0.0529112 0.0260279 0.00520132 0.128443 0.0335556 0.00965816 0.0377501 0.0318071 0.0557128 0.0305991 0.0142039 0.030534 0.0278226
56 K 3.78338 0.119035 0.0188072 0.0140707 0.00639967 0.14636 0.0207326 0.0664968 0.00901919 0.152 0.0369041 0.0701128 0.0219193 0.00731171 0.0776661 0.0612067 0.00544651 0.0089231 0.0564275 0.05552 0.0456406
57 L 3.24151 0.0108205 0.0243121 0.0131666 0.038727 0.0256628 0.0113581 0.0286649 0.0892456 0.0220028 0.444484 0.0390288 0.032329 0.0297337 0.0267372 0.0296856 0.0189716 0.0153974 0.0212158 0.0445491 0.0339081
58 C 3.10982 0.0130706 0.473965 0.0264914 0.0373008 0.0357983 0.0259571 0.0150363 0.0229024 0.0131986 0.019836 0.0450666 0.0270916 0.0120967 0.0747774 0.0164221 0.0159979 0.0107505 0.0211847 0.0292284 0.0638279
59 K 3.80154 0.053449 0.00860797 0.0224825 0.0177383 0.0651861 0.005826 0.0695402 0.00554874 0.119726 0.0525103 0.032406 0.100107 0.00239099 0.037488 0.135962 0.0788701 0.0503148 0.00264442 0.0206214 0.11858
60 L 3.05298 0.00625742 0.00950027 0.0108017 0.0233554 0.0236905 0.0129254 0.00784207 0.219929 0.0102994 0.333238 0.0535175 0.0166674 0.0130384 0.00844091 0.00751356 0.0131539 0.0143924 0.148964 0.0137038 0.052769
61 K 3.77086 0.0455638 0.00618128 0.0805374 0.0554812 0.0462432 0.0423943 0.168259 0.0037989 0.107141 0.0122802 0.0256849 0.131744 0.00281923 0.0682118 0.0437247 0.0234071 0.00878776 0.00417125 0.0422585 0.0813103
62 G 3.44128 0.0126581 0.0176623 0.0472424 0.0350801 0.0266928 0.35784 0.117827 0.013073 0.0296511 0.00847286 0.0267057 0.0716941 0.0105619 0.032267 0.0311085 0.0736376 0.0217113 0.0252864 0.0236639 0.0171648
63 I 3.88868 0.0285478 0.0148287 0.0241927 0.0404078 0.0205441 0.0247329 0.0848836 0.14308 0.0877563 0.0308702 0.0479229 0.0657579 0.00390815 0.064351 0.127251 0.019889 0.0324687 0.113024 0.014612 0.0109701
64 A 4.01352 0.0914025 0.00652857 0.0388223 0.163977 0.0190277 0.0440485 0.0559374 0.00918252 0.0857337 0.0443482 0.0629902 0.062618 0.0554256 0.0577901 0.04402 0.0339833 0.0421873 0.0165001 0.0163986 0.0490777
65 P 3.01686 0.116111 0.022983 0.0228561 0.0209292 0.0214881 0.0311521 0.0327876 0.0200372 0.0225149 0.0172346 0.038141 0.0165076 0.488297 0.0141887 0.0111439 0.01989 0.0160393 0.0146495 0.0309867 0.0220638
66 L 3.3301 0.00991655 0.0230084 0.0147241 0.0157508 0.0440394 0.00844597 0.0354821 0.078445 0.0242263 0.415249 0.0440776 0.0272978 0.0243751 0.0221389 0.0287789 0.0159938 0.0274339 0.0722007 0.0406505 0.0277652
67 Q 4.06467 0.0469621 0.0107417 0.124541 0.0939096 0.0336579 0.0228951 0.024994 0.0770888 0.0184568 0.069078 0.0955383 0.0135268 0.024886 0.0675435 0.0555573 0.0331965 0.0447575 0.0695452 0.0287803 0.0443431
68 L 3.01032 0.00894792 0.0149418 0.0266641 0.0392513 0.0451992 0.0390758 0.0136299 0.0474234 0.011298 0.503207 0.0339996 0.0245932 0.00984262 0.0111294 0.0489235 0.0420979 0.0157613 0.0231948 0.0272732 0.0135469
69 G 3.93844 0.0350413 0.0116796 0.066096 0.0767804 0.0354026 0.162239 0.0890064 0.00781649 0.0741876 0.0606239 0.0485319 0.0502111 0.0141162 0.0913073 0.0752741 0.0357169 0.0234292 0.00967675 0.00962966 0.0232335
70 K 3.95694 0.0659298 0.00965124 0.0143047 0.047963 0.0228226 0.0900379 0.0178572 0.0400392 0.0600395 0.0289138 0.0439838 0.0301967 0.126923 0.0391184 0.0430677 0.0411767 0.180696 0.0198864 0.0355145 0.0418777
71 C 2.74964 0.017877 0.551085 0.0145159 0.0167978 0.0357828 0.0117151 0.0150538 0.0183977 0.0223103 0.0158031 0.102658 0.01598 0.00901432 0.0195185 0.0287272 0.013466 0.00959114 0.0292364 0.0218663 0.0306033
72 N 3.62368 0.0480666 0.026792 0.0733779 0.0456473 0.00785031 0.0833616 0.0261279 0.00544522 0.0310213 0.00596925 0.0414416 0.188597 0.00582035 0.0663247 0.0237733 0.164978 0.129362 0.00484798 0.0120175 0.00917909
73 I 3.13681 0.00616334 0.0235848 0.00547663 0.00708002 0.0936122 0.00638692 0.00923426 0.256321 0.00749112 0.202259 0.0757432 0.00912069 0.0545213 0.0139302 0.00641947 0.00368726 0.0197818 0.179342 0.014297 0.00554816
74 T 3.83709 0.0461146 0.0467599 0.00384824 0.0160161 0.0153867 0.0277025 0.0297207 0.139596 0.0251436 0.100179 0.0486992 0.0337687 0.0604609 0.0257676 0.0195929 0.0368766 0.158745 0.131299 0.0119833 0.0223405
75 G 2.82896 0.105223 0.018156 0.0198882 0.039953 0.0153194 0.530117 0.0140358 0.0100761 0.0292475 0.0140887 0.0319351 0.0163198 0.0085207 0.0180827 0.022876 0.0170113 0.0110708 0.0389059 0.0252653 0.0139086
76 W 2.86234 0.0113037 0.0419097 0.0183944 0.0237414 0.0205892 0.0377028 0.0192248 0.0255899 0.027702 0.038727 0.022579 0.0275383 0.00803129 0.0245789 0.015594 0.0129466 0.0136416 0.0379234 0.547531 0.0247511
77 L 3.21684 0.0149303 0.0120811 0.0266865 0.0147445 0.0350618 0.0180085 0.0225102 0.0280201 0.0130202 0.411092 0.0674426 0.0178646 0.0469801 0.0119153 0.0176211 0.107696 0.0100945 0.0932648 0.0187209 0.0122439
78 L 3.17186 0.0253748 0.0134074 0.0100848 0.0138231 0.0214299 0.00581125 0.00886876 0.128478 0.00958947 0.424797 0.0458685 0.0294562 0.0646326 0.0132665 0.0397718 0.0138249 0.0325184 0.0303348 0.0353449 0.0333173
79 G 2.50358 0.0699939 0.0145644 0.0105862 0.0248295 0.0111317 0.610986 0.0126289 0.00861568 0.0213493 0.00676589 0.0241859 0.0156938 0.0140994 0.0227574 0.0249111 0.0102405 0.0110877 0.0474851 0.0239087 0.0141785
80 N 3.06164 0.0414349 0.0143809 0.0407761 0.0176716 0.00886938 0.0108573 0.17299 0.0282263 0.0300799 0.012017 0.0132092 0.412579 0.00301081 0.0174301 0.0159337 0.0886403 0.0317429 0.0145364 0.0142877 0.0113272
81 P 2.79263 0.0163442 0.0226833 0.0261076 0.0302697 0.0118061 0.0126605 0.142196 0.0121873 0.0175056 0.0295318 0.0206683 0.0123391 0.522284 0.0145588 0.0130731 0.0235954 0.0254762 0.0177305 0.0159584 0.0130245
82 E 3.90761 0.102878 0.0240699 0.0583667 0.180963 0.0284811 0.0582861 0.0197507 0.0223475 0.0254426 0.0445931 0.0486989 0.089633 0.0020964 0.0442078 0.00598544 0.0369403 0.0421265 0.0245888 0.0371414 0.103403
83 C 2.77733 0.0132286 0.562496 0.0194778 0.0189923 0.0372255 0.028507 0.0134772 0.0154153 0.0185388 0.0052121 0.0274264 0.0269296 0.0132342 0.0177926 0.0352045 0.019151 0.0164495 0.0259645 0.0574254 0.0278515
84 D 3.14757 0.0276742 0.0267525 0.406945 0.18087 0.0134469 0.0280488 0.021044 0.0108584 0.00848168 0.0256343 0.0230757 0.034404 0.0101872 0.0392878 0.00701002 0.017715 0.0479704 0.0172696 0.015771 0.0375538
85 S 4.13312 0.0539958 0.0119298 0.0990241 0.0678662 0.0402967 0.0289878 0.0816135 0.0672414 0.0137448 0.0837526 0.042433 0.0355614 0.0358561 0.0490395 0.0243786 0.0582793 0.0343548 0.048039 0.0248086 0.098796
86 L 3.18596 0.0321944 0.0215701 0.0378097 0.0148714 0.0147638 0.0110814 0.0223144 0.15698 0.0127802 0.418563 0.0511296 0.0109739 0.0228014 0.0301236 0.0281581 0.0146299 0.0285548 0.0298996 0.0225971 0.0182024
87 L 3.85883 0.0423169 0.0073374 0.0185733 0.081301 0.0361111 0.0216526 0.0312637 0.132991 0.0414491 0.1501 0.107353 0.0182989 0.00931771 0.0662873 0.00488452 0.0298782 0.0260755 0.0428918 0.105453 0.0264639
88 P 4.11316 0.0434982 0.00191187 0.0895997 0.0611401 0.0909727 0.0745158 0.045505 0.0690425 0.02803 0.0981055 0.0477127 0.0458763 0.0575913 0.0174888 0.0207019 0.0385244 0.0453863 0.041118 0.0192043 0.0640747
89 A 4.13303 0.0622972 0.0112218 0.0458556 0.0652898 0.0877574 0.0254986 0.0534639 0.10948 0.0507932 0.0566387 0.0714448 0.0318565 0.0258133 0.0470529 0.0219142 0.0495498 0.0923115 0.0377699 0.01482 0.0391709
90 R 4.11815 0.0329789 0.0110457 0.0238658 0.0874432 0.0297907 0.0395759 0.0944504 0.0482581 0.0458312 0.0533287 0.064715 0.0987248 0.00924722 0.0460402 0.0889155 0.0407766 0.046049 0.0681054 0.0198153 0.0510429
91 S 4.1402 0.0231981 0.00635958 0.0664095 0.0573483 0.0462323 0.0436964 0.0593974 0.0554358 0.030232 0.0289623 0.108742 0.0465228 0.0440422 0.102618 0.0226495 0.0737219 0.0590417 0.0384033 0.0260476 0.0609393
92 W 3.31547 0.0110793 0.0857779 0.0632271 0.0232815 0.18452 0.0171897 0.0156341 0.020495 0.0365731 0.0484472 0.0216713 0.0200657 0.0119165 0.0216675 0.0205578 0.011038 0.0105325 0.013396 0.341672 0.0212573
93 S 3.05925 0.101149 0.0236727 0.0227262 0.0194769 0.0294464 0.168874 0.0150453 0.00890941 0.00919113 0.00712448 0.0196019 0.0101986 0.0265793 0.0246941 0.007809 0.412506 0.0146939 0.00914279 0.0441861 0.0249728
94 Y 2.55091 0.0108506 0.0369502 0.0261475 0.0102569 0.0427299 0.0161567 0.0315451 0.00770868 0.0193562 0.0115524 0.0193045 0.0233385 0.0121204 0.0246413 0.0161066 0.0282183 0.0182042 0.0123808 0.019276 0.613155
95 I 2.98979 0.00801311 0.0378846 0.013404 0.0118123 0.0306217 0.00949902 0.0159069 0.438385 0.0103159 0.0751398 0.0240812 0.0275056 0.00763881 0.0203112 0.00918812 0.0228375 0.0230872 0.174191 0.0281971 0.0119801
96 V 3.00428 0.0741527 0.0230034 0.0252108 0.030724 0.0107089 0.0116303 0.0307379 0.195633 0.0127421 0.026866 0.0255196 0.0144223 0.0088516 0.0162059 0.00584914 0.00891237 0.020346 0.421891 0.0238843 0.0127104
97 E 3.23359 0.0115733 0.0158523 0.0445048 0.42122 0.0351681 0.0315633 0.0121137 0.0823025 0.0234534 0.0282256 0.0276496 0.0125964 0.0133538 0.0833506 0.00864942 0.0189526 0.019719 0.075547 0.0188446 0.0153604
98 T 3.96668 0.102505 0.00861316 0.0770471 0.0891992 0.00997299 0.0251231 0.0472577 0.0183966 0.0279471 0.052726 0.00815282 0.0270065 0.0294271 0.147836 0.0654877 0.0846951 0.0739697 0.0458659 0.0358041 0.0229673
99 P 4.17779 0.0787433 0.0038414 0.0497595 0.0575677 0.0339795 0.0637796 0.0777794 0.0527926 0.0270717 0.0414983 0.0518223 0.0307862 0.0927559 0.0628617 0.0345185 0.0327144 0.0310209 0.0596596 0.075032 0.0420162
100 N 3.92865 0.0412185 0.0264129 0.183157 0.0426653 0.0936719 0.11083 0.0236558 0.036086 0.025461 0.0537656 0.029778 0.103371 0.00771821 0.0332016 0.0562945 0.045852 0.0215828 0.0236861 0.0193649 0.0222265
101 S 3.67519 0.0574085 0.0334781 0.0102128 0.0163023 0.0220962 0.0983134 0.00753615 0.00884221 0.00421333 0.00290101 0.0156033 0.100886 0.104898 0.164768 0.0077296 0.125719 0.0893101 0.0834807 0.0188201 0.0274823
102 E 4.14454 0.0403062 0.0281815 0.062191 0.133026 0.0252477 0.0360987 0.0570382 0.0905844 0.0311705 0.0388334 0.0368766 0.053122 0.0615055 0.0737389 0.0256794 0.0309261 0.0541177 0.0711892 0.0261238 0.024044
103 N 3.96251 0.0365584 0.0376535 0.0164138 0.112324 0.10082 0.0109612 0.143811 0.052588 0.0255768 0.042441 0.0220299 0.0667771 0.00285842 0.0516672 0.0160792 0.0327348 0.0223278 0.0543995 0.0855248 0.0664548
104 G 3.22776 0.0747756 0.0187013 0.030891 0.0341144 0.0208549 0.441325 0.0288923 0.00753282 0.046959 0.0065848 0.0256494 0.02992 0.0185396 0.0122768 0.0305597 0.0686362 0.0107013 0.0273201 0.0352066 0.0305592
105 A 3.75167 0.148834 0.0400978 0.0146397 0.0756889 0.0447757 0.0118017 0.0136273 0.0162338 0.0093641 0.0883999 0.023495 0.0304403 0.168845 0.0429536 0.00350806 0.0771512 0.0219596 0.124861 0.0161161 0.0272076
106 C 2.59424 0.0180811 0.594649 0.0147801 0.0137924 0.0209419 0.0107327 0.0158027 0.016883 0.0222871 0.00829759 0.0589903 0.0167447 0.0105877 0.0133515 0.0164222 0.025717 0.016042 0.0102118 0.0513635 0.0443217
107 Y 2.93125 0.0207434 0.0237518 0.0176877 0.0134071 0.0755637 0.0148441 0.0286909 0.0254144 0.013109 0.0199192 0.0340077 0.0259083 0.012189 0.0201979 0.011773 0.0165545 0.0252172 0.0280485 0.0506351 0.522338
108 P 2.76643 0.0193001 0.0158387 0.0164053 0.0233571 0.0133344 0.0118341 0.0217657 0.011971 0.0137366 0.0441837 0.0199455 0.015121 0.563007 0.0234561 0.0149313 0.0185903 0.0236325 0.05878 0.0471795 0.0236304
109 G 2.86733 0.0136939 0.03316 0.0159253 0.0655545 0.0281132 0.532253 0.0106304 0.0132313 0.0189475 0.00557469 0.0523746 0.0137765 0.0142672 0.0144718 0.0317786 0.0163141 0.0154356 0.0376985 0.0408404 0.0259595
110 D 4.11522 0.0805123 0.0212675 0.143177 0.0962232 0.024194 0.0546736 0.0269505 0.0403049 0.0303976 0.0530754 0.0341839 0.0599361 0.062679 0.0350492 0.0220668 0.0475723 0.0459077 0.0550928 0.0195849 0.0471513
111 L 3.29479 0.00467961 0.0130555 0.0130284 0.00960221 0.0788116 0.00432074 0.0288806 0.182989 0.00831716 0.270676 0.0712205 0.0122781 0.00887712 0.0114981 0.00721508 0.0090345 0.0483152 0.109159 0.100153 0.0078872
112 I 4.12482 0.118301 0.0432657 0.0408015 0.0256209 0.058007 0.0529788 0.0858981 0.0576835 0.0350838 0.0408186 0.0525338 0.0514794 0.0021106 0.0597291 0.022198 0.0822313 0.0700223 0.0238489 0.0267993 0.0505889
113 D 3.63546 0.118178 0.0138707 0.233779 0.0931282 0.0250182 0.0180794 0.0720164 0.00441833 0.00849417 0.0731607 0.0553828 0.0628746 0.00919456 0.071607 0.00559829 0.0678296 0.00770372 0.00464485 0.0237793 0.0312422
114 Y 3.84265 0.0461083 0.0219796 0.0146149 0.0100188 0.0467521 0.0355886 0.020486 0.133838 0.0098038 0.0805157 0.056997 0.0284777 0.0364403 0.0476256 0.0133761 0.107113 0.0515548 0.0289403 0.0176912 0.192078
115 E 3.43628 0.0995047 0.0216174 0.0220988 0.304488 0.0382789 0.0505828 0.0465023 0.00680052 0.0228145 0.0102606 0.0248239 0.00760495 0.0989744 0.14541 0.00615785 0.0194913 0.00725094 0.0221893 0.0199887 0.0251613
116 E 2.99866 0.0199912 0.013714 0.0321377 0.507886 0.0243917 0.0244098 0.0224754 0.0341942 0.0526391 0.00762649 0.0414759 0.0249076 0.0205994 0.021812 0.010253 0.0161971 0.0492918 0.013251 0.0495504 0.013196
117 L 2.64097 0.012861 0.0156919 0.0253872 0.0130146 0.0330326 0.00902741 0.00844959 0.0552558 0.0130905 0.582355 0.0547507 0.0137174 0.0235314 0.0408136 0.00925574 0.00639765 0.0126255 0.0251031 0.0220054 0.0236333
118 R 3.63075 0.013157 0.0285406 0.00659562 0.0113339 0.0897391 0.0109629 0.11541 0.0571583 0.0573368 0.0319058 0.0266633 0.020849 0.00567782 0.0101668 0.230541 0.0108833 0.0369408 0.0393384 0.0503974 0.146402
119 E 3.13093 0.0272874 0.0233116 0.0385513 0.474363 0.0267647 0.0230213 0.0295755 0.0155808 0.0815694 0.0136282 0.0356879 0.0307771 0.00691787 0.0239344 0.0217172 0.0291078 0.0130428 0.0141314 0.0396367 0.0313942
120 Q 3.50303 0.0251429 0.0213675 0.0216236 0.0226854 0.0259608 0.0127201 0.117568 0.0205459 0.0316179 0.0218632 0.0285572 0.0249768 0.00609484 0.34543 0.0886303 0.0426229 0.0400874 0.019056 0.0359382 0.0475117
121 L 3.02109 0.0155856 0.0140154 0.0226269 0.0157083 0.0347664 0.00497298 0.0193648 0.166838 0.0180872 0.438547 0.0397187 0.0115774 0.0098784 0.0200985 0.00761506 0.0582478 0.01262 0.0486598 0.0275471 0.0135238
122 S 4.05499 0.0531365 0.0588233 0.0141441 0.03946 0.0641358 0.141714 0.0392234 0.0477997 0.0260568 0.0303349 0.0471183 0.0666691 0.00617916 0.0500365 0.0309098 0.111256 0.084083 0.0325878 0.01694 0.0393916
123 S 4.02344 0.0857467 0.0141829 0.0433179 0.0768232 0.0469635 0.0839955 0.0190283 0.0525391 0.00992176 0.058858 0.0469074 0.0181856 0.00893991 0.089242 0.0365327 0.1391 0.0420848 0.0585154 0.0154895 0.0536262
124 V 3.40633 0.126398 0.0473955 0.00792253 0.0102858 0.041328 0.00759045 0.00764172 0.184506 0.00977985 0.0507295 0.0407572 0.00943702 0.00363825 0.00755806 0.0046126 0.0453583 0.180514 0.179674 0.0189754 0.0158971
125 S 4.11512 0.0316268 0.00977144 0.0669899 0.0586187 0.0567508 0.045242 0.0143341 0.0899049 0.0450432 0.092054 0.0297931 0.0328751 0.0105314 0.0625309 0.0551023 0.0820816 0.0955856 0.0488826 0.024084 0.0481977
126 S 4.04202 0.0549492 0.0109462 0.0825804 0.0720034 0.0403346 0.0466536 0.0263064 0.0102181 0.08118 0.0517056 0.0295497 0.0305788 0.00862322 0.133522 0.059855 0.0945963 0.0611394 0.0504705 0.0154355 0.0393514
127 L 3.70615 0.119892 0.0130453 0.0099243 0.00684103 0.0562444 0.0283086 0.0278187 0.0961901 0.0146261 0.167705 0.130422 0.00456441 0.00581863 0.0167393 0.00372234 0.039112 0.0751566 0.0622772 0.0903117 0.0312796
128 E 3.65229 0.0296851 0.0112263 0.0990873 0.290409 0.0112286 0.0134469 0.0707709 0.0341924 0.0439939 0.0231459 0.0766415 0.0263527 0.0116483 0.0201784 0.00982464 0.0564737 0.067746 0.054534 0.0175993 0.0318145
129 R 3.10531 0.0157942 0.0270833 0.0268186 0.0258181 0.0218165 0.0312504 0.0254252 0.036247 0.0865159 0.0129228 0.0382336 0.0201906 0.0318843 0.0193636 0.482349 0.0133571 0.0225032 0.0170411 0.028126 0.0172593
130 F 3.3194 0.0191512 0.0220704 0.0274063 0.0235995 0.423633 0.0255862 0.0230674 0.061441 0.0235867 0.0312289 0.0326663 0.0193414 0.017748 0.0222344 0.0111004 0.0249956 0.0194192 0.0396001 0.0425704 0.0895534
131 E 3.68846 0.0604421 0.0305698 0.041235 0.303947 0.0183962 0.0166194 0.0161944 0.0217023 0.0512847 0.029024 0.0294476 0.0391351 0.111815 0.0472917 0.0127699 0.0275471 0.0371887 0.055404 0.0305551 0.0194315
132 I 3.53664 0.056123 0.0335338 0.0234028 0.0224639 0.0455781 0.0133895 0.0180476 0.308484 0.0261121 0.123477 0.121205 0.031919 0.0113987 0.0154107 0.0129999 0.00984153 0.0198863 0.0422346 0.0361854 0.0283059
133 F 3.06685 0.0220411 0.0364141 0.0337751 0.0189252 0.462179 0.00830485 0.0179107 0.030656 0.0269512 0.023346 0.109548 0.0160497 0.00781259 0.0151735 0.0096268 0.0194571 0.0128721 0.0178803 0.0330358 0.0780417
134 P 3.62905 0.0410831 0.00826568 0.243152 0.0881228 0.0196414 0.0264078 0.0195649 0.00951191 0.078944 0.00679604 0.00977843 0.0873328 0.140719 0.0521588 0.0256047 0.0701688 0.023962 0.0170422 0.0124648 0.0192793
135 K 4.11108 0.0604728 0.0187866 0.0493303 0.055261 0.127415 0.0373035 0.0200793 0.0180977 0.0950291 0.0715916 0.0309062 0.0112489 0.0395761 0.0417202 0.0284928 0.0544664 0.0519853 0.0737993 0.0430797 0.0713587
136 E 3.84188 0.118009 0.00287408 0.118979 0.163038 0.0239541 0.0505977 0.0385193 0.0312309 0.00955818 0.0343183 0.0407117 0.094563 0.0195676 0.0220342 0.00307258 0.0776902 0.0644254 0.0417515 0.0248098 0.0202951
137 S 4.05577 0.063044 0.00588594 0.02586 0.0567525 0.0330141 0.10679 0.0299603 0.076513 0.0154261 0.0564233 0.0538523 0.146872 0.0219288 0.0443835 0.0259708 0.0671216 0.0364693 0.0343451 0.0386509 0.0607358
138 S 3.6717 0.223664 0.0129719 0.00543398 0.00513273 0.036821 0.0386761 0.0326297 0.0230344 0.0221802 0.0115312 0.0465839 0.0346762 0.00260732 0.0653347 0.0161444 0.0856945 0.0953053 0.0654812 0.147715 0.0283812
139 W 2.79311 0.0113334 0.0345837 0.00994303 0.0117984 0.164586 0.0192645 0.0265356 0.00869571 0.00984812 0.0172659 0.0463913 0.00861063 0.00434234 0.0102166 0.00951459 0.00538169 0.0102899 0.0136894 0.457522 0.120188
140 P 3.91816 0.0305093 0.0331426 0.0248433 0.0862906 0.0259758 0.0428233 0.00998969 0.0405116 0.0192824 0.0352788 0.0842178 0.0318424 0.195663 0.112119 0.0381339 0.0602091 0.0613188 0.0413193 0.0107777 0.0157515
141 N 2.73789 0.00846272 0.0200056 0.0259212 0.0261444 0.00914291 0.0178616 0.044056 0.0213327 0.0252856 0.0247581 0.0152256 0.574086 0.0206592 0.0406395 0.0145025 0.0299352 0.0113133 0.0125219 0.0267751 0.0313702
142 H 3.49812 0.017544 0.00548427 0.0121942 0.0119223 0.0969762 0.00291613 0.180182 0.0179387 0.00566122 0.0233585 0.0422229 0.0734733 0.00367493 0.0380665 0.0122981 0.0804205 0.0776242 0.0429494 0.019183 0.235908
143 T 3.10824 0.0249103 0.0116224 0.0370255 0.0238909 0.0168358 0.222131 0.0129095 0.0350697 0.1136 0.0103799 0.0174979 0.0106841 0.0146299 0.0166637 0.00772924 0.0412244 0.351526 0.00635671 0.0145541 0.0107576
144 F 3.52425 0.0809063 0.0252339 0.175016 0.276064 0.0903995 0.0234688 0.0187109 0.0231034 0.00743933 0.0166815 0.0340362 0.0416041 0.0042593 0.0274735 0.00755026 0.0323592 0.0159244 0.0211313 0.0525581 0.0260793
145 N 3.98997 0.0632259 0.0103938 0.0688187 0.0759165 0.0698993 0.0464871 0.0625781 0.0173278 0.0181846 0.0196733 0.0385287 0.0712582 0.0278806 0.137839 0.0337239 0.0174549 0.0190269 0.0622415 0.0145139 0.125027
146 G 3.84889 0.0606587 0.0160921 0.0477463 0.0424143 0.0304968 0.284239 0.0466486 0.0421214 0.058782 0.0334016 0.0213547 0.0486181 0.0230902 0.0451452 0.030243 0.0314294 0.0330643 0.0340119 0.0443241 0.0261185
147 V 3.75078 0.0503419 0.0037571 0.0226059 0.0244655 0.0150516 0.0187875 0.0373345 0.179733 0.0549497 0.0251206 0.03306 0.0427271 0.01682 0.0180674 0.0515496 0.105908 0.16872 0.103339 0.0091929 0.0184689
148 T 2.70616 0.0132836 0.0202024 0.0119897 0.0175636 0.00815321 0.011286 0.0287796 0.0274998 0.0166088 0.00632172 0.0246862 0.0212548 0.0140954 0.0138709 0.00695824 0.49426 0.206858 0.0146968 0.0207341 0.0208966
149 V 3.66127 0.195681 0.00723055 0.011028 0.0169333 0.104547 0.0327982 0.0206144 0.0209715 0.00818943 0.0669956 0.0224692 0.0237648 0.00742933 0.113377 0.00423879 0.157554 0.0451069 0.0312252 0.069621 0.0402245
150 S 3.6047 0.193605 0.0377717 0.022296 0.019082 0.0294148 0.0286753 0.0328102 0.0108589 0.0334872 0.119264 0.0484514 0.0250985 0.00969517 0.0219444 0.0232742 0.238211 0.0554035 0.0219357 0.0112945 0.0174264
151 C 3.20233 0.029401 0.468459 0.0258762 0.0279013 0.0371008 0.0382398 0.0180574 0.0106824 0.0297707 0.0198762 0.0205509 0.0136131 0.030566 0.0228684 0.019985 0.0397615 0.0272807 0.0238242 0.040855 0.0553311
152 S 4.09152 0.0263665 0.00958069 0.0165097 0.0782798 0.0269544 0.0721145 0.0374568 0.0765099 0.0402906 0.0410697 0.0219551 0.0998745 0.0946917 0.0775926 0.0407768 0.0344752 0.0884661 0.0482651 0.0136401 0.0551297
153 H 4.03573 0.122494 0.0301243 0.0855584 0.0636908 0.0189073 0.00769216 0.0425101 0.0460163 0.0197884 0.021406 0.0606024 0.0479685 0.00769422 0.0473516 0.0489218 0.0659541 0.122011 0.0753172 0.0364384 0.0295532
154 R 4.08712 0.0566281 0.00430924 0.0114868 0.0551874 0.0299024 0.0565072 0.0628055 0.065745 0.0412622 0.0676717 0.0404692 0.0794628 0.00242779 0.0728076 0.0561131 0.0550113 0.0505637 0.0587602 0.0213818 0.111497
155 G 3.90231 0.102845 0.0161371 0.134757 0.0706435 0.0134232 0.0915555 0.0516969 0.00752438 0.0568317 0.00807208 0.0592262 0.0579064 0.00637025 0.0910898 0.0214191 0.108373 0.0342897 0.0203449 0.022975 0.0245202
156 K 4.04597 0.0325339 0.00641517 0.0678373 0.0914455 0.0218801 0.0874956 0.061152 0.0629338 0.0490944 0.0368373 0.0639032 0.0502308 0.0073507 0.0530039 0.0207867 0.0613012 0.133472 0.044694 0.0111096 0.0365229
157 S 3.90272 0.139865 0.00505293 0.0295691 0.0192155 0.01274 0.0100763 0.0759054 0.0340011 0.0622652 0.106396 0.0660244 0.0176489 0.100121 0.0557537 0.0185396 0.056849 0.106573 0.0156691 0.0138725 0.0538614
158 S 3.75812 0.0907442 0.00855582 0.0793921 0.128091 0.0128346 0.147594 0.0809614 0.00784809 0.0444252 0.0172045 0.0309551 0.0320887 0.00769227 0.0918855 0.0110313 0.106679 0.0693079 0.00682915 0.0160701 0.00981064
159 F 2.88463 0.0216493 0.0253806 0.0237028 0.0146285 0.522284 0.0192737 0.0393674 0.0127814 0.0144852 0.0143028 0.0960958 0.0156997 0.0135789 0.0112822 0.0113843 0.0194728 0.0147023 0.0343366 0.0357121 0.0398798
160 Y 2.81815 0.00806789 0.0242339 0.0330649 0.029444 0.171788 0.00895566 0.0486783 0.0126149 0.00910285 0.0113391 0.0196636 0.0163792 0.0122438 0.0217808 0.00783314 0.011271 0.0217565 0.00948411 0.0356201 0.486678
161 R 3.3641 0.0173687 0.0203411 0.0141486 0.0201858 0.00934871 0.0284319 0.128626 0.00857014 0.152327 0.00610518 0.017299 0.123534 0.00633182 0.0211263 0.271448 0.0886254 0.0271228 0.00716365 0.0146278 0.0172683
162 N 2.65065 0.0109018 0.0204893 0.0423454 0.0165831 0.0125949 0.00803036 0.0397823 0.0278276 0.0486325 0.00462426 0.0193144 0.577221 0.00752643 0.0176002 0.00606946 0.0344079 0.0550271 0.009518 0.0225202 0.018984
163 L 3.05281 0.00515685 0.0234477 0.0125905 0.0113283 0.0507252 0.00951212 0.011862 0.202191 0.0141129 0.360089 0.100471 0.0137248 0.00857194 0.0130827 0.00531486 0.0194296 0.00714692 0.091649 0.0299791 0.00961533
164 L 3.66103 0.0495924 0.0177922 0.0201988 0.0231684 0.0874046 0.0436158 0.0514348 0.0401413 0.0180131 0.266549 0.0298999 0.0421627 0.00794058 0.0230251 0.014502 0.0266813 0.0103486 0.153788 0.0227594 0.0509822
165 W 2.58638 0.0145163 0.0384792 0.0162934 0.0219386 0.0257409 0.0162318 0.0246507 0.0102442 0.0118555 0.0177086 0.0347824 0.0126226 0.0173961 0.015438 0.0582726 0.0222939 0.014625 0.0132199 0.602521 0.0111697
166 L 2.78656 0.0130101 0.0184008 0.00793847 0.0114404 0.00527367 0.00555815 0.00524041 0.213562 0.00913308 0.255093 0.0273349 0.0118714 0.0239896 0.0155242 0.00508994 0.00283729 0.0239641 0.321236 0.0141686 0.00933306
167 T 3.8109 0.0243132 0.0308339 0.0162089 0.0228974 0.0318305 0.0642514 0.0255531 0.0346207 0.0362497 0.0978446 0.0402035 0.0234049 0.00335053 0.0803417 0.0322405 0.0543833 0.229894 0.0299418 0.0121628 0.109474
168 K 3.88829 0.145202 0.031809 0.00298715 0.060642 0.00965455 0.0788553 0.039442 0.020982 0.0804597 0.0358006 0.0508484 0.0286431 0.00628739 0.0755775 0.0625551 0.104979 0.0757767 0.0782339 0.00816305 0.00310023
169 K 4.10477 0.108756 0.0134963 0.0391428 0.0527707 0.0453811 0.0243992 0.0418357 0.0307926 0.0802154 0.0530943 0.0923715 0.0559784 0.00528501 0.0382746 0.0855898 0.0654818 0.0359271 0.0250935 0.0284134 0.0777015
170 G 3.89277 0.0587352 0.00473286 0.0970146 0.0740715 0.0606039 0.0783928 0.0301785 0.0132357 0.0173626 0.0718556 0.0416371 0.142523 0.00475953 0.0935617 0.00572513 0.0868343 0.0538626 0.0162322 0.010276 0.038405
171 D 3.52482 0.0500759 0.00653548 0.155119 0.287931 0.00656007 0.0169303 0.0219777 0.0625322 0.00711523 0.0180809 0.0312139 0.0433815 0.0526975 0.0384005 0.00341017 0.054636 0.0691669 0.0460524 0.00710597 0.0210776
172 S 3.89906 0.0242576 0.00183264 0.132171 0.108129 0.0621057 0.0209503 0.054635 0.0312014 0.00462527 0.0320403 0.0214635 0.0789915 0.0117207 0.0252018 0.0104883 0.0520273 0.080585 0.114191 0.0501438 0.0832392
173 Y 2.96849 0.00840561 0.0253862 0.0507075 0.0189561 0.0904008 0.0105895 0.0259454 0.0132119 0.0108895 0.0079915 0.0343641 0.0312299 0.00772764 0.0136501 0.010054 0.0162126 0.0111658 0.00741989 0.180582 0.425111
174 P 4.20677 0.0730757 0.0193404 0.0577119 0.050588 0.0194712 0.0676862 0.0521054 0.0322595 0.0955562 0.0425343 0.0642937 0.0426469 0.0299283 0.0502226 0.0512764 0.0800097 0.0386336 0.0451703 0.0237181 0.0637717
175 K 4.10621 0.0354131 0.0149809 0.0173789 0.0325865 0.0605188 0.019852 0.131505 0.0448028 0.056873 0.0907118 0.0846479 0.0289835 0.064146 0.0525198 0.0262389 0.0411195 0.0653644 0.0452379 0.0212835 0.0658358
176 L 3.2989 0.145053 0.0153179 0.003961 0.00526438 0.0416781 0.00620587 0.0203333 0.1083 0.00478126 0.104208 0.0567569 0.00674392 0.00252961 0.0057528 0.00379185 0.0394984 0.102885 0.283463 0.0215229 0.0219532
177 T 3.97646 0.142097 0.0103845 0.0237851 0.056895 0.0632099 0.0244844 0.0571603 0.0375614 0.024812 0.103639 0.0229386 0.0284922 0.00294385 0.0228646 0.020234 0.0866251 0.100772 0.0717351 0.0530007 0.046365
178 N 3.96418 0.0666332 0.018386 0.0253939 0.0380662 0.0745702 0.0747274 0.0144286 0.0247494 0.0445347 0.0269535 0.0450754 0.103675 0.0175885 0.0775656 0.0185857 0.158151 0.073603 0.0725542 0.00909338 0.015665
179 S 4.11237 0.0577298 0.0104798 0.0332177 0.114593 0.0677167 0.0303821 0.0249778 0.0269197 0.03656 0.0324818 0.0440906 0.0733642 0.00853046 0.0511498 0.0354375 0.0978632 0.0663322 0.07435 0.0634958 0.0503275
180 Y 2.86954 0.0073697 0.0303066 0.0236149 0.0109466 0.15229 0.00555235 0.0232955 0.00880622 0.0151523 0.00812338 0.0264941 0.0178139 0.0226337 0.0126647 0.00562281 0.00966503 0.00699497 0.0076237 0.232057 0.372972
181 V 4.08022 0.0489757 0.0485726 0.0208552 0.0220584 0.055636 0.00878466 0.0305424 0.0487117 0.034502 0.0429635 0.0782264 0.0366809 0.00939277 0.0811029 0.0409647 0.0338692 0.107361 0.0740482 0.122607 0.0541462
182 N 2.92206 0.0181394 0.0725742 0.0305443 0.0269554 0.0247422 0.00931915 0.0370016 0.0189781 0.0499859 0.00761744 0.0247827 0.519679 0.0133316 0.0150828 0.00850891 0.0396446 0.0253644 0.0108878 0.0262496 0.0206117
183 N 4.05061 0.0268606 0.0169097 0.0757566 0.0617325 0.0135672 0.0480033 0.0236052 0.0305339 0.0662811 0.0668117 0.0528696 0.0669359 0.00225201 0.0667928 0.0295748 0.124828 0.0916679 0.0754227 0.019353 0.0402416
184 K 3.95606 0.0585101 0.0153794 0.0125676 0.0427802 0.0759238 0.0349408 0.0197085 0.0677974 0.135835 0.0780033 0.0933483 0.0451621 0.00612861 0.103732 0.0623191 0.00798981 0.00978744 0.0716675 0.0333721 0.0250459
185 G 3.86885 0.0678666 0.00652289 0.0904833 0.110829 0.0130866 0.136669 0.0364405 0.00765301 0.0558976 0.0528206 0.0257845 0.0145389 0.0357724 0.0153045 0.0921379 0.106036 0.0826815 0.0188917 0.0226779 0.00790622
186 K 3.94118 0.0381309 0.0737645 0.00895869 0.0450704 0.0124403 0.0215965 0.0232468 0.0631924 0.135358 0.0574975 0.0343241 0.0914288 0.00326594 0.0846539 0.0918486 0.0408061 0.084158 0.0703711 0.00964583 0.0102415
187 E 4.03127 0.0295204 0.00902546 0.105041 0.127087 0.0597571 0.0157669 0.0608344 0.0273863 0.0225752 0.0678663 0.0264692 0.0159995 0.105945 0.0773413 0.0316233 0.059391 0.0394909 0.055554 0.0423784 0.0209471
188 V 2.96097 0.0282864 0.0305287 0.0149314 0.0141988 0.0145205 0.0238829 0.012025 0.179535 0.0111198 0.0790792 0.0439611 0.0105551 0.008072 0.0118501 0.00874421 0.00948733 0.0297306 0.438038 0.0173539 0.0140995
