distanceMatrix_(0,0) = 0;
distanceMatrix_(1,0) = 2.92;
distanceMatrix_(1,1) = 0;
distanceMatrix_(2,0) = 1.78;
distanceMatrix_(2,1) = 2.04;
distanceMatrix_(2,2) = 0;
distanceMatrix_(3,0) = 2.37;
distanceMatrix_(3,1) = 2.34;
distanceMatrix_(3,2) = 0.65;
distanceMatrix_(3,3) = 0;
distanceMatrix_(4,0) = 1.39;
distanceMatrix_(4,1) = 3.06;
distanceMatrix_(4,2) = 2.83;
distanceMatrix_(4,3) = 3.48;
distanceMatrix_(4,4) = 0;
distanceMatrix_(5,0) = 1.92;
distanceMatrix_(5,1) = 1.13;
distanceMatrix_(5,2) = 0.99;
distanceMatrix_(5,3) = 1.47;
distanceMatrix_(5,4) = 2.48;
distanceMatrix_(5,5) = 0;
distanceMatrix_(6,0) = 2.46;
distanceMatrix_(6,1) = 1.45;
distanceMatrix_(6,2) = 0.85;
distanceMatrix_(6,3) = 0.9;
distanceMatrix_(6,4) = 3.26;
distanceMatrix_(6,5) = 0.84;
distanceMatrix_(6,6) = 0;
distanceMatrix_(7,0) = 0.91;
distanceMatrix_(7,1) = 3.58;
distanceMatrix_(7,2) = 1.96;
distanceMatrix_(7,3) = 2.37;
distanceMatrix_(7,4) = 2.22;
distanceMatrix_(7,5) = 2.48;
distanceMatrix_(7,6) = 2.78;
distanceMatrix_(7,7) = 0;
distanceMatrix_(8,0) = 2.17;
distanceMatrix_(8,1) = 0.82;
distanceMatrix_(8,2) = 1.29;
distanceMatrix_(8,3) = 1.72;
distanceMatrix_(8,4) = 2.56;
distanceMatrix_(8,5) = 0.32;
distanceMatrix_(8,6) = 0.96;
distanceMatrix_(8,7) = 2.78;
distanceMatrix_(8,8) = 0;
distanceMatrix_(9,0) = 2.69;
distanceMatrix_(9,1) = 2.49;
distanceMatrix_(9,2) = 3.37;
distanceMatrix_(9,3) = 3.98;
distanceMatrix_(9,4) = 1.63;
distanceMatrix_(9,5) = 2.57;
distanceMatrix_(9,6) = 3.39;
distanceMatrix_(9,7) = 3.6;
distanceMatrix_(9,8) = 2.45;
distanceMatrix_(9,9) = 0;
distanceMatrix_(10,0) = 2.76;
distanceMatrix_(10,1) = 2.62;
distanceMatrix_(10,2) = 3.49;
distanceMatrix_(10,3) = 4.1;
distanceMatrix_(10,4) = 1.65;
distanceMatrix_(10,5) = 2.7;
distanceMatrix_(10,6) = 3.53;
distanceMatrix_(10,7) = 3.67;
distanceMatrix_(10,8) = 2.59;
distanceMatrix_(10,9) = 0.14;
distanceMatrix_(10,10) = 0;
distanceMatrix_(11,0) = 2.96;
distanceMatrix_(11,1) = 0.4;
distanceMatrix_(11,2) = 1.84;
distanceMatrix_(11,3) = 2.05;
distanceMatrix_(11,4) = 3.27;
distanceMatrix_(11,5) = 1.06;
distanceMatrix_(11,6) = 1.14;
distanceMatrix_(11,7) = 3.54;
distanceMatrix_(11,8) = 0.79;
distanceMatrix_(11,9) = 2.84;
distanceMatrix_(11,10) = 2.98;
distanceMatrix_(11,11) = 0;
distanceMatrix_(12,0) = 2.42;
distanceMatrix_(12,1) = 2.29;
distanceMatrix_(12,2) = 3.08;
distanceMatrix_(12,3) = 3.69;
distanceMatrix_(12,4) = 1.46;
distanceMatrix_(12,5) = 2.3;
distanceMatrix_(12,6) = 3.13;
distanceMatrix_(12,7) = 3.34;
distanceMatrix_(12,8) = 2.19;
distanceMatrix_(12,9) = 0.29;
distanceMatrix_(12,10) = 0.41;
distanceMatrix_(12,11) = 2.63;
distanceMatrix_(12,12) = 0;
distanceMatrix_(13,0) = 3.23;
distanceMatrix_(13,1) = 2.47;
distanceMatrix_(13,2) = 3.7;
distanceMatrix_(13,3) = 4.27;
distanceMatrix_(13,4) = 2.24;
distanceMatrix_(13,5) = 2.81;
distanceMatrix_(13,6) = 3.59;
distanceMatrix_(13,7) = 4.14;
distanceMatrix_(13,8) = 2.63;
distanceMatrix_(13,9) = 0.61;
distanceMatrix_(13,10) = 0.63;
distanceMatrix_(13,11) = 2.85;
distanceMatrix_(13,12) = 0.82;
distanceMatrix_(13,13) = 0;
distanceMatrix_(14,0) = 0.06;
distanceMatrix_(14,1) = 2.9;
distanceMatrix_(14,2) = 1.8;
distanceMatrix_(14,3) = 2.4;
distanceMatrix_(14,4) = 1.33;
distanceMatrix_(14,5) = 1.92;
distanceMatrix_(14,6) = 2.48;
distanceMatrix_(14,7) = 0.97;
distanceMatrix_(14,8) = 2.15;
distanceMatrix_(14,9) = 2.62;
distanceMatrix_(14,10) = 2.7;
distanceMatrix_(14,11) = 2.94;
distanceMatrix_(14,12) = 2.36;
distanceMatrix_(14,13) = 3.17;
distanceMatrix_(14,14) = 0;
distanceMatrix_(15,0) = 0.51;
distanceMatrix_(15,1) = 2.74;
distanceMatrix_(15,2) = 1.31;
distanceMatrix_(15,3) = 1.87;
distanceMatrix_(15,4) = 1.84;
distanceMatrix_(15,5) = 1.65;
distanceMatrix_(15,6) = 2.06;
distanceMatrix_(15,7) = 0.85;
distanceMatrix_(15,8) = 1.94;
distanceMatrix_(15,9) = 2.95;
distanceMatrix_(15,10) = 3.04;
distanceMatrix_(15,11) = 2.71;
distanceMatrix_(15,12) = 2.67;
distanceMatrix_(15,13) = 3.45;
distanceMatrix_(15,14) = 0.56;
distanceMatrix_(15,15) = 0;
distanceMatrix_(16,0) = 0.9;
distanceMatrix_(16,1) = 2.03;
distanceMatrix_(16,2) = 1.4;
distanceMatrix_(16,3) = 2.05;
distanceMatrix_(16,4) = 1.45;
distanceMatrix_(16,5) = 1.12;
distanceMatrix_(16,6) = 1.83;
distanceMatrix_(16,7) = 1.7;
distanceMatrix_(16,8) = 1.32;
distanceMatrix_(16,9) = 2.14;
distanceMatrix_(16,10) = 2.25;
distanceMatrix_(16,11) = 2.1;
distanceMatrix_(16,12) = 1.86;
distanceMatrix_(16,13) = 2.6;
distanceMatrix_(16,14) = 0.87;
distanceMatrix_(16,15) = 0.89;
distanceMatrix_(16,16) = 0;
distanceMatrix_(17,0) = 4.23;
distanceMatrix_(17,1) = 2.72;
distanceMatrix_(17,2) = 4.39;
distanceMatrix_(17,3) = 4.88;
distanceMatrix_(17,4) = 3.34;
distanceMatrix_(17,5) = 3.42;
distanceMatrix_(17,6) = 4.08;
distanceMatrix_(17,7) = 5.13;
distanceMatrix_(17,8) = 3.16;
distanceMatrix_(17,9) = 1.72;
distanceMatrix_(17,10) = 1.73;
distanceMatrix_(17,11) = 3.11;
distanceMatrix_(17,12) = 1.89;
distanceMatrix_(17,13) = 1.11;
distanceMatrix_(17,14) = 4.17;
distanceMatrix_(17,15) = 4.38;
distanceMatrix_(17,16) = 3.5;
distanceMatrix_(17,17) = 0;
distanceMatrix_(18,0) = 3.18;
distanceMatrix_(18,1) = 2.02;
distanceMatrix_(18,2) = 3.42;
distanceMatrix_(18,3) = 3.95;
distanceMatrix_(18,4) = 2.38;
distanceMatrix_(18,5) = 2.48;
distanceMatrix_(18,6) = 3.22;
distanceMatrix_(18,7) = 4.08;
distanceMatrix_(18,8) = 2.27;
distanceMatrix_(18,9) = 0.86;
distanceMatrix_(18,10) = 0.94;
distanceMatrix_(18,11) = 2.42;
distanceMatrix_(18,12) = 0.93;
distanceMatrix_(18,13) = 0.48;
distanceMatrix_(18,14) = 3.12;
distanceMatrix_(18,15) = 3.33;
distanceMatrix_(18,16) = 2.45;
distanceMatrix_(18,17) = 1.06;
distanceMatrix_(18,18) = 0;
distanceMatrix_(19,0) = 1.85;
distanceMatrix_(19,1) = 2.43;
distanceMatrix_(19,2) = 2.76;
distanceMatrix_(19,3) = 3.4;
distanceMatrix_(19,4) = 0.86;
distanceMatrix_(19,5) = 2.13;
distanceMatrix_(19,6) = 2.97;
distanceMatrix_(19,7) = 2.76;
distanceMatrix_(19,8) = 2.11;
distanceMatrix_(19,9) = 0.85;
distanceMatrix_(19,10) = 0.91;
distanceMatrix_(19,11) = 2.7;
distanceMatrix_(19,12) = 0.62;
distanceMatrix_(19,13) = 1.43;
distanceMatrix_(19,14) = 1.79;
distanceMatrix_(19,15) = 2.15;
distanceMatrix_(19,16) = 1.42;
distanceMatrix_(19,17) = 2.51;
distanceMatrix_(19,18) = 1.52;
distanceMatrix_(19,19) = 0;
distanceMatrix_(0,1) = -2.92;
distanceMatrix_(0,2) = -1.78;
distanceMatrix_(0,3) = -2.37;
distanceMatrix_(0,4) = -1.39;
distanceMatrix_(0,5) = -1.92;
distanceMatrix_(0,6) = -2.46;
distanceMatrix_(0,7) = -0.91;
distanceMatrix_(0,8) = -2.17;
distanceMatrix_(0,9) = -2.69;
distanceMatrix_(0,10) = -2.76;
distanceMatrix_(0,11) = -2.96;
distanceMatrix_(0,12) = -2.42;
distanceMatrix_(0,13) = -3.23;
distanceMatrix_(0,14) = -0.06;
distanceMatrix_(0,15) = -0.51;
distanceMatrix_(0,16) = -0.9;
distanceMatrix_(0,17) = -4.23;
distanceMatrix_(0,18) = -3.18;
distanceMatrix_(0,19) = -1.85;
distanceMatrix_(1,2) = -2.04;
distanceMatrix_(1,3) = -2.34;
distanceMatrix_(1,4) = -3.06;
distanceMatrix_(1,5) = -1.13;
distanceMatrix_(1,6) = -1.45;
distanceMatrix_(1,7) = -3.58;
distanceMatrix_(1,8) = -0.82;
distanceMatrix_(1,9) = -2.49;
distanceMatrix_(1,10) = -2.62;
distanceMatrix_(1,11) = -0.4;
distanceMatrix_(1,12) = -2.29;
distanceMatrix_(1,13) = -2.47;
distanceMatrix_(1,14) = -2.9;
distanceMatrix_(1,15) = -2.74;
distanceMatrix_(1,16) = -2.03;
distanceMatrix_(1,17) = -2.72;
distanceMatrix_(1,18) = -2.02;
distanceMatrix_(1,19) = -2.43;
distanceMatrix_(2,3) = -0.65;
distanceMatrix_(2,4) = -2.83;
distanceMatrix_(2,5) = -0.99;
distanceMatrix_(2,6) = -0.85;
distanceMatrix_(2,7) = -1.96;
distanceMatrix_(2,8) = -1.29;
distanceMatrix_(2,9) = -3.37;
distanceMatrix_(2,10) = -3.49;
distanceMatrix_(2,11) = -1.84;
distanceMatrix_(2,12) = -3.08;
distanceMatrix_(2,13) = -3.7;
distanceMatrix_(2,14) = -1.8;
distanceMatrix_(2,15) = -1.31;
distanceMatrix_(2,16) = -1.4;
distanceMatrix_(2,17) = -4.39;
distanceMatrix_(2,18) = -3.42;
distanceMatrix_(2,19) = -2.76;
distanceMatrix_(3,4) = -3.48;
distanceMatrix_(3,5) = -1.47;
distanceMatrix_(3,6) = -0.9;
distanceMatrix_(3,7) = -2.37;
distanceMatrix_(3,8) = -1.72;
distanceMatrix_(3,9) = -3.98;
distanceMatrix_(3,10) = -4.1;
distanceMatrix_(3,11) = -2.05;
distanceMatrix_(3,12) = -3.69;
distanceMatrix_(3,13) = -4.27;
distanceMatrix_(3,14) = -2.4;
distanceMatrix_(3,15) = -1.87;
distanceMatrix_(3,16) = -2.05;
distanceMatrix_(3,17) = -4.88;
distanceMatrix_(3,18) = -3.95;
distanceMatrix_(3,19) = -3.4;
distanceMatrix_(4,5) = -2.48;
distanceMatrix_(4,6) = -3.26;
distanceMatrix_(4,7) = -2.22;
distanceMatrix_(4,8) = -2.56;
distanceMatrix_(4,9) = -1.63;
distanceMatrix_(4,10) = -1.65;
distanceMatrix_(4,11) = -3.27;
distanceMatrix_(4,12) = -1.46;
distanceMatrix_(4,13) = -2.24;
distanceMatrix_(4,14) = -1.33;
distanceMatrix_(4,15) = -1.84;
distanceMatrix_(4,16) = -1.45;
distanceMatrix_(4,17) = -3.34;
distanceMatrix_(4,18) = -2.38;
distanceMatrix_(4,19) = -0.86;
distanceMatrix_(5,6) = -0.84;
distanceMatrix_(5,7) = -2.48;
distanceMatrix_(5,8) = -0.32;
distanceMatrix_(5,9) = -2.57;
distanceMatrix_(5,10) = -2.7;
distanceMatrix_(5,11) = -1.06;
distanceMatrix_(5,12) = -2.3;
distanceMatrix_(5,13) = -2.81;
distanceMatrix_(5,14) = -1.92;
distanceMatrix_(5,15) = -1.65;
distanceMatrix_(5,16) = -1.12;
distanceMatrix_(5,17) = -3.42;
distanceMatrix_(5,18) = -2.48;
distanceMatrix_(5,19) = -2.13;
distanceMatrix_(6,7) = -2.78;
distanceMatrix_(6,8) = -0.96;
distanceMatrix_(6,9) = -3.39;
distanceMatrix_(6,10) = -3.53;
distanceMatrix_(6,11) = -1.14;
distanceMatrix_(6,12) = -3.13;
distanceMatrix_(6,13) = -3.59;
distanceMatrix_(6,14) = -2.48;
distanceMatrix_(6,15) = -2.06;
distanceMatrix_(6,16) = -1.83;
distanceMatrix_(6,17) = -4.08;
distanceMatrix_(6,18) = -3.22;
distanceMatrix_(6,19) = -2.97;
distanceMatrix_(7,8) = -2.78;
distanceMatrix_(7,9) = -3.6;
distanceMatrix_(7,10) = -3.67;
distanceMatrix_(7,11) = -3.54;
distanceMatrix_(7,12) = -3.34;
distanceMatrix_(7,13) = -4.14;
distanceMatrix_(7,14) = -0.97;
distanceMatrix_(7,15) = -0.85;
distanceMatrix_(7,16) = -1.7;
distanceMatrix_(7,17) = -5.13;
distanceMatrix_(7,18) = -4.08;
distanceMatrix_(7,19) = -2.76;
distanceMatrix_(8,9) = -2.45;
distanceMatrix_(8,10) = -2.59;
distanceMatrix_(8,11) = -0.79;
distanceMatrix_(8,12) = -2.19;
distanceMatrix_(8,13) = -2.63;
distanceMatrix_(8,14) = -2.15;
distanceMatrix_(8,15) = -1.94;
distanceMatrix_(8,16) = -1.32;
distanceMatrix_(8,17) = -3.16;
distanceMatrix_(8,18) = -2.27;
distanceMatrix_(8,19) = -2.11;
distanceMatrix_(9,10) = -0.14;
distanceMatrix_(9,11) = -2.84;
distanceMatrix_(9,12) = -0.29;
distanceMatrix_(9,13) = -0.61;
distanceMatrix_(9,14) = -2.62;
distanceMatrix_(9,15) = -2.95;
distanceMatrix_(9,16) = -2.14;
distanceMatrix_(9,17) = -1.72;
distanceMatrix_(9,18) = -0.86;
distanceMatrix_(9,19) = -0.85;
distanceMatrix_(10,11) = -2.98;
distanceMatrix_(10,12) = -0.41;
distanceMatrix_(10,13) = -0.63;
distanceMatrix_(10,14) = -2.7;
distanceMatrix_(10,15) = -3.04;
distanceMatrix_(10,16) = -2.25;
distanceMatrix_(10,17) = -1.73;
distanceMatrix_(10,18) = -0.94;
distanceMatrix_(10,19) = -0.91;
distanceMatrix_(11,12) = -2.63;
distanceMatrix_(11,13) = -2.85;
distanceMatrix_(11,14) = -2.94;
distanceMatrix_(11,15) = -2.71;
distanceMatrix_(11,16) = -2.1;
distanceMatrix_(11,17) = -3.11;
distanceMatrix_(11,18) = -2.42;
distanceMatrix_(11,19) = -2.7;
distanceMatrix_(12,13) = -0.82;
distanceMatrix_(12,14) = -2.36;
distanceMatrix_(12,15) = -2.67;
distanceMatrix_(12,16) = -1.86;
distanceMatrix_(12,17) = -1.89;
distanceMatrix_(12,18) = -0.93;
distanceMatrix_(12,19) = -0.62;
distanceMatrix_(13,14) = -3.17;
distanceMatrix_(13,15) = -3.45;
distanceMatrix_(13,16) = -2.6;
distanceMatrix_(13,17) = -1.11;
distanceMatrix_(13,18) = -0.48;
distanceMatrix_(13,19) = -1.43;
distanceMatrix_(14,15) = -0.56;
distanceMatrix_(14,16) = -0.87;
distanceMatrix_(14,17) = -4.17;
distanceMatrix_(14,18) = -3.12;
distanceMatrix_(14,19) = -1.79;
distanceMatrix_(15,16) = -0.89;
distanceMatrix_(15,17) = -4.38;
distanceMatrix_(15,18) = -3.33;
distanceMatrix_(15,19) = -2.15;
distanceMatrix_(16,17) = -3.5;
distanceMatrix_(16,18) = -2.45;
distanceMatrix_(16,19) = -1.42;
distanceMatrix_(17,18) = -1.06;
distanceMatrix_(17,19) = -2.51;
distanceMatrix_(18,19) = -1.52;
