beta = 2.08197
kappa = 4.1263
omega = 0.725025
phiA = 0.403385
phiC = 0.178957
phiG = 0.218769