beta = 0.749636
kappa = 2.53512
omega = 0.346363
phiA = 0.255105
phiC = 0.272004
phiG = 0.280378