beta = 0.79046
kappa = 2.61279
omega = 0.509239
phiA = 0.252707
phiC = 0.281611
phiG = 0.289741