beta = 1.35898
kappa = 2.64311
omega = 0.694191
phiA = 0.254118
phiC = 0.2917
phiG = 0.285954