kappa = 2.56805
omega = 0.351285
phi0A = 0.256045
phi0C = 0.256876
phi0G = 0.360247
phi1A = 0.274914
phi1C = 0.242483
phi1G = 0.211772
phi2A = 0.203513
phi2C = 0.284304
phi2G = 0.296253